501
1.000000 0.000000 0.000000 -0.100000 0.000000 0.707107 -0.707107 0.500000 0.000000 0.707107 0.707107 0.500000 0.000000 0.000000 0.000000 1.000000 
1.000000 0.000000 0.000000 -0.097099 0.000000 0.708217 -0.705995 0.501087 0.000000 0.705995 0.708217 0.498678 0.000000 0.000000 0.000000 1.000000 
1.000000 0.000000 0.000000 -0.094197 0.000000 0.709325 -0.704882 0.502150 0.000000 0.704882 0.709325 0.497351 0.000000 0.000000 0.000000 1.000000 
1.000000 0.000000 0.000000 -0.091292 0.000000 0.710431 -0.703767 0.503187 0.000000 0.703767 0.710431 0.496019 0.000000 0.000000 0.000000 1.000000 
1.000000 0.000000 0.000000 -0.088386 0.000000 0.711536 -0.702650 0.504199 0.000000 0.702650 0.711536 0.494683 0.000000 0.000000 0.000000 1.000000 
1.000000 0.000000 0.000000 -0.085479 0.000000 0.712639 -0.701531 0.505187 0.000000 0.701531 0.712639 0.493342 0.000000 0.000000 0.000000 1.000000 
1.000000 0.000000 0.000000 -0.082570 0.000000 0.713740 -0.700411 0.506150 0.000000 0.700411 0.713740 0.491997 0.000000 0.000000 0.000000 1.000000 
1.000000 0.000000 0.000000 -0.079660 0.000000 0.714839 -0.699289 0.507088 0.000000 0.699289 0.714839 0.490648 0.000000 0.000000 0.000000 1.000000 
1.000000 0.000000 0.000000 -0.076749 0.000000 0.715936 -0.698165 0.508001 0.000000 0.698165 0.715936 0.489294 0.000000 0.000000 0.000000 1.000000 
1.000000 0.000000 0.000000 -0.073836 0.000000 0.717032 -0.697040 0.508890 0.000000 0.697040 0.717032 0.487936 0.000000 0.000000 0.000000 1.000000 
1.000000 0.000000 0.000000 -0.070923 0.000000 0.718126 -0.695913 0.509754 0.000000 0.695913 0.718126 0.486574 0.000000 0.000000 0.000000 1.000000 
1.000000 0.000000 0.000000 -0.068008 0.000000 0.719219 -0.694784 0.510595 0.000000 0.694784 0.719219 0.485207 0.000000 0.000000 0.000000 1.000000 
1.000000 0.000000 0.000000 -0.065092 0.000000 0.720309 -0.693653 0.511410 0.000000 0.693653 0.720309 0.483836 0.000000 0.000000 0.000000 1.000000 
1.000000 0.000000 0.000000 -0.062176 0.000000 0.721398 -0.692521 0.512202 0.000000 0.692521 0.721398 0.482461 0.000000 0.000000 0.000000 1.000000 
1.000000 0.000000 0.000000 -0.059258 0.000000 0.722485 -0.691387 0.512970 0.000000 0.691387 0.722485 0.481082 0.000000 0.000000 0.000000 1.000000 
1.000000 0.000000 0.000000 -0.056340 0.000000 0.723570 -0.690251 0.513714 0.000000 0.690251 0.723570 0.479699 0.000000 0.000000 0.000000 1.000000 
1.000000 0.000000 0.000000 -0.053421 0.000000 0.724653 -0.689114 0.514433 0.000000 0.689114 0.724653 0.478312 0.000000 0.000000 0.000000 1.000000 
1.000000 0.000000 0.000000 -0.050502 0.000000 0.725735 -0.687975 0.515129 0.000000 0.687975 0.725735 0.476921 0.000000 0.000000 0.000000 1.000000 
1.000000 0.000000 0.000000 -0.047582 0.000000 0.726814 -0.686834 0.515802 0.000000 0.686834 0.726814 0.475526 0.000000 0.000000 0.000000 1.000000 
1.000000 0.000000 0.000000 -0.044662 0.000000 0.727892 -0.685691 0.516450 0.000000 0.685691 0.727892 0.474127 0.000000 0.000000 0.000000 1.000000 
1.000000 0.000000 0.000000 -0.041741 0.000000 0.728969 -0.684547 0.517075 0.000000 0.684547 0.728969 0.472724 0.000000 0.000000 0.000000 1.000000 
1.000000 0.000000 0.000000 -0.038820 0.000000 0.730043 -0.683401 0.517677 0.000000 0.683401 0.730043 0.471318 0.000000 0.000000 0.000000 1.000000 
1.000000 0.000000 0.000000 -0.035899 0.000000 0.731116 -0.682254 0.518255 0.000000 0.682254 0.731116 0.469908 0.000000 0.000000 0.000000 1.000000 
1.000000 0.000000 0.000000 -0.032977 0.000000 0.732186 -0.681104 0.518810 0.000000 0.681104 0.732186 0.468494 0.000000 0.000000 0.000000 1.000000 
1.000000 0.000000 0.000000 -0.030056 0.000000 0.733255 -0.679953 0.519341 0.000000 0.679953 0.733255 0.467077 0.000000 0.000000 0.000000 1.000000 
1.000000 0.000000 0.000000 -0.027134 0.000000 0.734323 -0.678801 0.519850 0.000000 0.678801 0.734323 0.465656 0.000000 0.000000 0.000000 1.000000 
1.000000 0.000000 0.000000 -0.024213 0.000000 0.735388 -0.677646 0.520335 0.000000 0.677646 0.735388 0.464231 0.000000 0.000000 0.000000 1.000000 
1.000000 0.000000 0.000000 -0.021292 0.000000 0.736451 -0.676490 0.520798 0.000000 0.676490 0.736451 0.462803 0.000000 0.000000 0.000000 1.000000 
1.000000 0.000000 0.000000 -0.018371 0.000000 0.737513 -0.675333 0.521238 0.000000 0.675333 0.737513 0.461371 0.000000 0.000000 0.000000 1.000000 
1.000000 0.000000 0.000000 -0.015450 0.000000 0.738573 -0.674173 0.521655 0.000000 0.674173 0.738573 0.459936 0.000000 0.000000 0.000000 1.000000 
1.000000 0.000000 0.000000 -0.012530 0.000000 0.739631 -0.673013 0.522049 0.000000 0.673013 0.739631 0.458498 0.000000 0.000000 0.000000 1.000000 
1.000000 0.000000 0.000000 -0.009610 0.000000 0.740687 -0.671850 0.522420 0.000000 0.671850 0.740687 0.457056 0.000000 0.000000 0.000000 1.000000 
1.000000 0.000000 0.000000 -0.006691 0.000000 0.741742 -0.670686 0.522769 0.000000 0.670686 0.741742 0.455612 0.000000 0.000000 0.000000 1.000000 
1.000000 0.000000 0.000000 -0.003773 0.000000 0.742794 -0.669520 0.523096 0.000000 0.669520 0.742794 0.454163 0.000000 0.000000 0.000000 1.000000 
1.000000 0.000000 0.000000 -0.000855 0.000000 0.743845 -0.668352 0.523400 0.000000 0.668352 0.743845 0.452712 0.000000 0.000000 0.000000 1.000000 
1.000000 0.000000 0.000000 0.002062 0.000000 0.744894 -0.667183 0.523682 0.000000 0.667183 0.744894 0.451258 0.000000 0.000000 0.000000 1.000000 
1.000000 0.000000 0.000000 0.004979 0.000000 0.745941 -0.666012 0.523942 0.000000 0.666012 0.745941 0.449800 0.000000 0.000000 0.000000 1.000000 
1.000000 0.000000 0.000000 0.007894 0.000000 0.746986 -0.664839 0.524180 0.000000 0.664839 0.746986 0.448339 0.000000 0.000000 0.000000 1.000000 
1.000000 0.000000 0.000000 0.010808 0.000000 0.748030 -0.663665 0.524396 0.000000 0.663665 0.748030 0.446876 0.000000 0.000000 0.000000 1.000000 
1.000000 0.000000 0.000000 0.013721 0.000000 0.749071 -0.662489 0.524590 0.000000 0.662489 0.749071 0.445409 0.000000 0.000000 0.000000 1.000000 
1.000000 0.000000 0.000000 0.016634 0.000000 0.750111 -0.661312 0.524762 0.000000 0.661312 0.750111 0.443940 0.000000 0.000000 0.000000 1.000000 
1.000000 0.000000 0.000000 0.019544 0.000000 0.751149 -0.660133 0.524912 0.000000 0.660133 0.751149 0.442468 0.000000 0.000000 0.000000 1.000000 
1.000000 0.000000 0.000000 0.022454 0.000000 0.752185 -0.658952 0.525040 0.000000 0.658952 0.752185 0.440992 0.000000 0.000000 0.000000 1.000000 
1.000000 0.000000 0.000000 0.025362 0.000000 0.753219 -0.657770 0.525148 0.000000 0.657770 0.753219 0.439514 0.000000 0.000000 0.000000 1.000000 
1.000000 0.000000 0.000000 0.028269 0.000000 0.754251 -0.656586 0.525233 0.000000 0.656586 0.754251 0.438034 0.000000 0.000000 0.000000 1.000000 
1.000000 0.000000 0.000000 0.031174 0.000000 0.755282 -0.655400 0.525297 0.000000 0.655400 0.755282 0.436550 0.000000 0.000000 0.000000 1.000000 
1.000000 0.000000 0.000000 0.034078 0.000000 0.756310 -0.654213 0.525340 0.000000 0.654213 0.756310 0.435064 0.000000 0.000000 0.000000 1.000000 
1.000000 0.000000 0.000000 0.036980 0.000000 0.757337 -0.653024 0.525362 0.000000 0.653024 0.757337 0.433576 0.000000 0.000000 0.000000 1.000000 
1.000000 0.000000 0.000000 0.039880 0.000000 0.758362 -0.651834 0.525362 0.000000 0.651834 0.758362 0.432085 0.000000 0.000000 0.000000 1.000000 
1.000000 0.000000 0.000000 0.042779 0.000000 0.759385 -0.650642 0.525342 0.000000 0.650642 0.759385 0.430591 0.000000 0.000000 0.000000 1.000000 
1.000000 0.000000 0.000000 0.045675 0.000000 0.760406 -0.649448 0.525300 0.000000 0.649448 0.760406 0.429095 0.000000 0.000000 0.000000 1.000000 
1.000000 0.000000 0.000000 0.048569 0.000000 0.761425 -0.648253 0.525238 0.000000 0.648253 0.761425 0.427597 0.000000 0.000000 0.000000 1.000000 
1.000000 0.000000 0.000000 0.051462 0.000000 0.762443 -0.647056 0.525154 0.000000 0.647056 0.762443 0.426096 0.000000 0.000000 0.000000 1.000000 
1.000000 0.000000 0.000000 0.054352 0.000000 0.763458 -0.645858 0.525050 0.000000 0.645858 0.763458 0.424592 0.000000 0.000000 0.000000 1.000000 
1.000000 0.000000 0.000000 0.057240 0.000000 0.764472 -0.644657 0.524926 0.000000 0.644657 0.764472 0.423087 0.000000 0.000000 0.000000 1.000000 
1.000000 0.000000 0.000000 0.060126 0.000000 0.765483 -0.643456 0.524781 0.000000 0.643456 0.765483 0.421579 0.000000 0.000000 0.000000 1.000000 
1.000000 0.000000 0.000000 0.063010 0.000000 0.766493 -0.642253 0.524615 0.000000 0.642253 0.766493 0.420069 0.000000 0.000000 0.000000 1.000000 
1.000000 0.000000 0.000000 0.065891 0.000000 0.767501 -0.641048 0.524429 0.000000 0.641048 0.767501 0.418557 0.000000 0.000000 0.000000 1.000000 
1.000000 0.000000 0.000000 0.068769 0.000000 0.768507 -0.639841 0.524223 0.000000 0.639841 0.768507 0.417043 0.000000 0.000000 0.000000 1.000000 
1.000000 0.000000 0.000000 0.071645 0.000000 0.769511 -0.638634 0.523997 0.000000 0.638634 0.769511 0.415527 0.000000 0.000000 0.000000 1.000000 
1.000000 0.000000 0.000000 0.074518 0.000000 0.770513 -0.637424 0.523750 0.000000 0.637424 0.770513 0.414009 0.000000 0.000000 0.000000 1.000000 
1.000000 0.000000 0.000000 0.077389 0.000000 0.771514 -0.636213 0.523484 0.000000 0.636213 0.771514 0.412489 0.000000 0.000000 0.000000 1.000000 
1.000000 0.000000 0.000000 0.080257 0.000000 0.772512 -0.635000 0.523198 0.000000 0.635000 0.772512 0.410967 0.000000 0.000000 0.000000 1.000000 
1.000000 0.000000 0.000000 0.083122 0.000000 0.773508 -0.633786 0.522891 0.000000 0.633786 0.773508 0.409443 0.000000 0.000000 0.000000 1.000000 
1.000000 0.000000 0.000000 0.085983 0.000000 0.774503 -0.632570 0.522565 0.000000 0.632570 0.774503 0.407917 0.000000 0.000000 0.000000 1.000000 
1.000000 0.000000 0.000000 0.088842 0.000000 0.775496 -0.631353 0.522220 0.000000 0.631353 0.775496 0.406390 0.000000 0.000000 0.000000 1.000000 
1.000000 0.000000 0.000000 0.091698 0.000000 0.776487 -0.630134 0.521854 0.000000 0.630134 0.776487 0.404860 0.000000 0.000000 0.000000 1.000000 
1.000000 0.000000 0.000000 0.094550 0.000000 0.777475 -0.628913 0.521470 0.000000 0.628913 0.777475 0.403330 0.000000 0.000000 0.000000 1.000000 
1.000000 0.000000 0.000000 0.097400 0.000000 0.778462 -0.627691 0.521065 0.000000 0.627691 0.778462 0.401797 0.000000 0.000000 0.000000 1.000000 
1.000000 0.000000 0.000000 0.100246 0.000000 0.779447 -0.626468 0.520642 0.000000 0.626468 0.779447 0.400263 0.000000 0.000000 0.000000 1.000000 
1.000000 0.000000 0.000000 0.103088 0.000000 0.780430 -0.625243 0.520199 0.000000 0.625243 0.780430 0.398727 0.000000 0.000000 0.000000 1.000000 
1.000000 0.000000 0.000000 0.105927 0.000000 0.781412 -0.624016 0.519737 0.000000 0.624016 0.781412 0.397190 0.000000 0.000000 0.000000 1.000000 
1.000000 0.000000 0.000000 0.108763 0.000000 0.782391 -0.622788 0.519256 0.000000 0.622788 0.782391 0.395651 0.000000 0.000000 0.000000 1.000000 
1.000000 0.000000 0.000000 0.111594 0.000000 0.783368 -0.621558 0.518756 0.000000 0.621558 0.783368 0.394111 0.000000 0.000000 0.000000 1.000000 
1.000000 0.000000 0.000000 0.114423 0.000000 0.784343 -0.620327 0.518238 0.000000 0.620327 0.784343 0.392570 0.000000 0.000000 0.000000 1.000000 
1.000000 0.000000 0.000000 0.117247 0.000000 0.785317 -0.619094 0.517700 0.000000 0.619094 0.785317 0.391027 0.000000 0.000000 0.000000 1.000000 
1.000000 0.000000 0.000000 0.120067 0.000000 0.786288 -0.617860 0.517144 0.000000 0.617860 0.786288 0.389483 0.000000 0.000000 0.000000 1.000000 
1.000000 0.000000 0.000000 0.122884 0.000000 0.787258 -0.616624 0.516569 0.000000 0.616624 0.787258 0.387938 0.000000 0.000000 0.000000 1.000000 
1.000000 0.000000 0.000000 0.125696 0.000000 0.788226 -0.615386 0.515975 0.000000 0.615386 0.788226 0.386391 0.000000 0.000000 0.000000 1.000000 
1.000000 0.000000 0.000000 0.128505 0.000000 0.789191 -0.614147 0.515363 0.000000 0.614147 0.789191 0.384843 0.000000 0.000000 0.000000 1.000000 
1.000000 0.000000 0.000000 0.131309 0.000000 0.790155 -0.612907 0.514733 0.000000 0.612907 0.790155 0.383295 0.000000 0.000000 0.000000 1.000000 
1.000000 0.000000 0.000000 0.134109 0.000000 0.791117 -0.611665 0.514084 0.000000 0.611665 0.791117 0.381745 0.000000 0.000000 0.000000 1.000000 
1.000000 0.000000 0.000000 0.136904 0.000000 0.792077 -0.610422 0.513417 0.000000 0.610422 0.792077 0.380194 0.000000 0.000000 0.000000 1.000000 
1.000000 0.000000 0.000000 0.139696 0.000000 0.793034 -0.609177 0.512732 0.000000 0.609177 0.793034 0.378642 0.000000 0.000000 0.000000 1.000000 
1.000000 0.000000 0.000000 0.142482 0.000000 0.793990 -0.607930 0.512029 0.000000 0.607930 0.793990 0.377090 0.000000 0.000000 0.000000 1.000000 
1.000000 0.000000 0.000000 0.145265 0.000000 0.794944 -0.606682 0.511308 0.000000 0.606682 0.794944 0.375536 0.000000 0.000000 0.000000 1.000000 
1.000000 0.000000 0.000000 0.148042 0.000000 0.795896 -0.605433 0.510570 0.000000 0.605433 0.795896 0.373982 0.000000 0.000000 0.000000 1.000000 
1.000000 0.000000 0.000000 0.150815 0.000000 0.796846 -0.604182 0.509813 0.000000 0.604182 0.796846 0.372427 0.000000 0.000000 0.000000 1.000000 
1.000000 0.000000 0.000000 0.153583 0.000000 0.797794 -0.602930 0.509039 0.000000 0.602930 0.797794 0.370871 0.000000 0.000000 0.000000 1.000000 
1.000000 0.000000 0.000000 0.156346 0.000000 0.798741 -0.601676 0.508247 0.000000 0.601676 0.798741 0.369314 0.000000 0.000000 0.000000 1.000000 
1.000000 0.000000 0.000000 0.159105 0.000000 0.799685 -0.600420 0.507438 0.000000 0.600420 0.799685 0.367757 0.000000 0.000000 0.000000 1.000000 
1.000000 0.000000 0.000000 0.161858 0.000000 0.800627 -0.599163 0.506611 0.000000 0.599163 0.800627 0.366199 0.000000 0.000000 0.000000 1.000000 
1.000000 0.000000 0.000000 0.164606 0.000000 0.801567 -0.597905 0.505767 0.000000 0.597905 0.801567 0.364641 0.000000 0.000000 0.000000 1.000000 
1.000000 0.000000 0.000000 0.167349 0.000000 0.802505 -0.596645 0.504905 0.000000 0.596645 0.802505 0.363082 0.000000 0.000000 0.000000 1.000000 
1.000000 0.000000 0.000000 0.170087 0.000000 0.803441 -0.595384 0.504027 0.000000 0.595384 0.803441 0.361523 0.000000 0.000000 0.000000 1.000000 
1.000000 0.000000 0.000000 0.172820 0.000000 0.804376 -0.594121 0.503131 0.000000 0.594121 0.804376 0.359963 0.000000 0.000000 0.000000 1.000000 
1.000000 0.000000 0.000000 0.175547 0.000000 0.805308 -0.592857 0.502219 0.000000 0.592857 0.805308 0.358403 0.000000 0.000000 0.000000 1.000000 
1.000000 0.000000 0.000000 0.178268 0.000000 0.806238 -0.591591 0.501289 0.000000 0.591591 0.806238 0.356843 0.000000 0.000000 0.000000 1.000000 
1.000000 0.000000 0.000000 0.180985 0.000000 0.807166 -0.590324 0.500343 0.000000 0.590324 0.807166 0.355282 0.000000 0.000000 0.000000 1.000000 
1.000000 0.000000 0.000000 0.183695 0.000000 0.808093 -0.589055 0.499380 0.000000 0.589055 0.808093 0.353721 0.000000 0.000000 0.000000 1.000000 
1.000000 0.000000 0.000000 0.186400 0.000000 0.809017 -0.587785 0.498400 0.000000 0.587785 0.809017 0.352160 0.000000 0.000000 0.000000 1.000000 
1.000000 0.000000 0.000000 0.189099 0.000000 0.809939 -0.586514 0.497404 0.000000 0.586514 0.809939 0.350599 0.000000 0.000000 0.000000 1.000000 
1.000000 0.000000 0.000000 0.191792 0.000000 0.810860 -0.585241 0.496391 0.000000 0.585241 0.810860 0.349037 0.000000 0.000000 0.000000 1.000000 
1.000000 0.000000 0.000000 0.194480 0.000000 0.811778 -0.583966 0.495362 0.000000 0.583966 0.811778 0.347476 0.000000 0.000000 0.000000 1.000000 
1.000000 0.000000 0.000000 0.197161 0.000000 0.812694 -0.582690 0.494316 0.000000 0.582690 0.812694 0.345915 0.000000 0.000000 0.000000 1.000000 
1.000000 0.000000 0.000000 0.199836 0.000000 0.813608 -0.581413 0.493255 0.000000 0.581413 0.813608 0.344353 0.000000 0.000000 0.000000 1.000000 
1.000000 0.000000 0.000000 0.202506 0.000000 0.814521 -0.580134 0.492177 0.000000 0.580134 0.814521 0.342792 0.000000 0.000000 0.000000 1.000000 
1.000000 0.000000 0.000000 0.205169 0.000000 0.815431 -0.578854 0.491083 0.000000 0.578854 0.815431 0.341231 0.000000 0.000000 0.000000 1.000000 
1.000000 0.000000 0.000000 0.207825 0.000000 0.816339 -0.577573 0.489973 0.000000 0.577573 0.816339 0.339670 0.000000 0.000000 0.000000 1.000000 
1.000000 0.000000 0.000000 0.210476 0.000000 0.817245 -0.576290 0.488848 0.000000 0.576290 0.817245 0.338109 0.000000 0.000000 0.000000 1.000000 
1.000000 0.000000 0.000000 0.213119 0.000000 0.818150 -0.575005 0.487706 0.000000 0.575005 0.818150 0.336548 0.000000 0.000000 0.000000 1.000000 
1.000000 0.000000 0.000000 0.215757 0.000000 0.819052 -0.573719 0.486549 0.000000 0.573719 0.819052 0.334988 0.000000 0.000000 0.000000 1.000000 
1.000000 0.000000 0.000000 0.218388 0.000000 0.819952 -0.572432 0.485377 0.000000 0.572432 0.819952 0.333428 0.000000 0.000000 0.000000 1.000000 
1.000000 0.000000 0.000000 0.221012 0.000000 0.820850 -0.571143 0.484188 0.000000 0.571143 0.820850 0.331869 0.000000 0.000000 0.000000 1.000000 
1.000000 0.000000 0.000000 0.223629 0.000000 0.821746 -0.569853 0.482985 0.000000 0.569853 0.821746 0.330310 0.000000 0.000000 0.000000 1.000000 
1.000000 0.000000 0.000000 0.226239 0.000000 0.822641 -0.568562 0.481766 0.000000 0.568562 0.822641 0.328751 0.000000 0.000000 0.000000 1.000000 
1.000000 0.000000 0.000000 0.228843 0.000000 0.823533 -0.567269 0.480531 0.000000 0.567269 0.823533 0.327193 0.000000 0.000000 0.000000 1.000000 
1.000000 0.000000 0.000000 0.231440 0.000000 0.824423 -0.565975 0.479282 0.000000 0.565975 0.824423 0.325636 0.000000 0.000000 0.000000 1.000000 
1.000000 0.000000 0.000000 0.234029 0.000000 0.825311 -0.564679 0.478017 0.000000 0.564679 0.825311 0.324079 0.000000 0.000000 0.000000 1.000000 
1.000000 0.000000 0.000000 0.236612 0.000000 0.826197 -0.563382 0.476738 0.000000 0.563382 0.826197 0.322523 0.000000 0.000000 0.000000 1.000000 
1.000000 0.000000 0.000000 0.239187 0.000000 0.827081 -0.562083 0.475443 0.000000 0.562083 0.827081 0.320968 0.000000 0.000000 0.000000 1.000000 
1.000000 0.000000 0.000000 0.241755 0.000000 0.827962 -0.560784 0.474134 0.000000 0.560784 0.827962 0.319413 0.000000 0.000000 0.000000 1.000000 
1.000000 0.000000 0.000000 0.244316 0.000000 0.828842 -0.559482 0.472810 0.000000 0.559482 0.828842 0.317859 0.000000 0.000000 0.000000 1.000000 
1.000000 0.000000 0.000000 0.246869 0.000000 0.829720 -0.558180 0.471471 0.000000 0.558180 0.829720 0.316306 0.000000 0.000000 0.000000 1.000000 
1.000000 0.000000 0.000000 0.249415 0.000000 0.830596 -0.556876 0.470118 0.000000 0.556876 0.830596 0.314754 0.000000 0.000000 0.000000 1.000000 
1.000000 0.000000 0.000000 0.251953 0.000000 0.831470 -0.555570 0.468750 0.000000 0.555570 0.831470 0.313203 0.000000 0.000000 0.000000 1.000000 
1.000000 0.000000 0.000000 0.254484 0.000000 0.832341 -0.554263 0.467368 0.000000 0.554263 0.832341 0.311653 0.000000 0.000000 0.000000 1.000000 
1.000000 0.000000 0.000000 0.257006 0.000000 0.833211 -0.552955 0.465971 0.000000 0.552955 0.833211 0.310104 0.000000 0.000000 0.000000 1.000000 
1.000000 0.000000 0.000000 0.259521 0.000000 0.834078 -0.551646 0.464561 0.000000 0.551646 0.834078 0.308556 0.000000 0.000000 0.000000 1.000000 
1.000000 0.000000 0.000000 0.262029 0.000000 0.834944 -0.550335 0.463136 0.000000 0.550335 0.834944 0.307009 0.000000 0.000000 0.000000 1.000000 
1.000000 0.000000 0.000000 0.264528 0.000000 0.835807 -0.549023 0.461697 0.000000 0.549023 0.835807 0.305463 0.000000 0.000000 0.000000 1.000000 
1.000000 0.000000 0.000000 0.267019 0.000000 0.836669 -0.547709 0.460244 0.000000 0.547709 0.836669 0.303919 0.000000 0.000000 0.000000 1.000000 
1.000000 0.000000 0.000000 0.269502 0.000000 0.837528 -0.546394 0.458777 0.000000 0.546394 0.837528 0.302376 0.000000 0.000000 0.000000 1.000000 
1.000000 0.000000 0.000000 0.271977 0.000000 0.838385 -0.545078 0.457297 0.000000 0.545078 0.838385 0.300834 0.000000 0.000000 0.000000 1.000000 
1.000000 0.000000 0.000000 0.274443 0.000000 0.839240 -0.543760 0.455802 0.000000 0.543760 0.839240 0.299293 0.000000 0.000000 0.000000 1.000000 
1.000000 0.000000 0.000000 0.276902 0.000000 0.840094 -0.542442 0.454294 0.000000 0.542442 0.840094 0.297754 0.000000 0.000000 0.000000 1.000000 
1.000000 0.000000 0.000000 0.279352 0.000000 0.840945 -0.541121 0.452773 0.000000 0.541121 0.840945 0.296216 0.000000 0.000000 0.000000 1.000000 
1.000000 0.000000 0.000000 0.281793 0.000000 0.841794 -0.539800 0.451238 0.000000 0.539800 0.841794 0.294680 0.000000 0.000000 0.000000 1.000000 
1.000000 0.000000 0.000000 0.284226 0.000000 0.842640 -0.538477 0.449690 0.000000 0.538477 0.842640 0.293145 0.000000 0.000000 0.000000 1.000000 
1.000000 0.000000 0.000000 0.286650 0.000000 0.843485 -0.537152 0.448128 0.000000 0.537152 0.843485 0.291612 0.000000 0.000000 0.000000 1.000000 
1.000000 0.000000 0.000000 0.289066 0.000000 0.844328 -0.535827 0.446554 0.000000 0.535827 0.844328 0.290081 0.000000 0.000000 0.000000 1.000000 
1.000000 0.000000 0.000000 0.291472 0.000000 0.845169 -0.534500 0.444966 0.000000 0.534500 0.845169 0.288551 0.000000 0.000000 0.000000 1.000000 
1.000000 0.000000 0.000000 0.293870 0.000000 0.846007 -0.533172 0.443365 0.000000 0.533172 0.846007 0.287023 0.000000 0.000000 0.000000 1.000000 
1.000000 0.000000 0.000000 0.296259 0.000000 0.846844 -0.531842 0.441751 0.000000 0.531842 0.846844 0.285496 0.000000 0.000000 0.000000 1.000000 
1.000000 0.000000 0.000000 0.298639 0.000000 0.847678 -0.530511 0.440125 0.000000 0.530511 0.847678 0.283972 0.000000 0.000000 0.000000 1.000000 
1.000000 0.000000 0.000000 0.301010 0.000000 0.848510 -0.529179 0.438485 0.000000 0.529179 0.848510 0.282449 0.000000 0.000000 0.000000 1.000000 
1.000000 0.000000 0.000000 0.303371 0.000000 0.849340 -0.527846 0.436833 0.000000 0.527846 0.849340 0.280928 0.000000 0.000000 0.000000 1.000000 
1.000000 0.000000 0.000000 0.305724 0.000000 0.850168 -0.526511 0.435169 0.000000 0.526511 0.850168 0.279409 0.000000 0.000000 0.000000 1.000000 
1.000000 0.000000 0.000000 0.308067 0.000000 0.850994 -0.525175 0.433491 0.000000 0.525175 0.850994 0.277893 0.000000 0.000000 0.000000 1.000000 
1.000000 0.000000 0.000000 0.310401 0.000000 0.851818 -0.523837 0.431802 0.000000 0.523837 0.851818 0.276378 0.000000 0.000000 0.000000 1.000000 
1.000000 0.000000 0.000000 0.312725 0.000000 0.852640 -0.522499 0.430100 0.000000 0.522499 0.852640 0.274865 0.000000 0.000000 0.000000 1.000000 
1.000000 0.000000 0.000000 0.315040 0.000000 0.853460 -0.521159 0.428386 0.000000 0.521159 0.853460 0.273354 0.000000 0.000000 0.000000 1.000000 
1.000000 0.000000 0.000000 0.317345 0.000000 0.854277 -0.519817 0.426660 0.000000 0.519817 0.854277 0.271846 0.000000 0.000000 0.000000 1.000000 
1.000000 0.000000 0.000000 0.319640 0.000000 0.855093 -0.518475 0.424921 0.000000 0.518475 0.855093 0.270340 0.000000 0.000000 0.000000 1.000000 
1.000000 0.000000 0.000000 0.321926 0.000000 0.855906 -0.517131 0.423171 0.000000 0.517131 0.855906 0.268836 0.000000 0.000000 0.000000 1.000000 
1.000000 0.000000 0.000000 0.324202 0.000000 0.856718 -0.515786 0.421409 0.000000 0.515786 0.856718 0.267334 0.000000 0.000000 0.000000 1.000000 
1.000000 0.000000 0.000000 0.326468 0.000000 0.857527 -0.514440 0.419635 0.000000 0.514440 0.857527 0.265835 0.000000 0.000000 0.000000 1.000000 
1.000000 0.000000 0.000000 0.328723 0.000000 0.858334 -0.513092 0.417849 0.000000 0.513092 0.858334 0.264338 0.000000 0.000000 0.000000 1.000000 
1.000000 0.000000 0.000000 0.330969 0.000000 0.859139 -0.511743 0.416052 0.000000 0.511743 0.859139 0.262843 0.000000 0.000000 0.000000 1.000000 
1.000000 0.000000 0.000000 0.333205 0.000000 0.859941 -0.510393 0.414243 0.000000 0.510393 0.859941 0.261351 0.000000 0.000000 0.000000 1.000000 
1.000000 0.000000 0.000000 0.335430 0.000000 0.860742 -0.509041 0.412422 0.000000 0.509041 0.860742 0.259862 0.000000 0.000000 0.000000 1.000000 
1.000000 0.000000 0.000000 0.337646 0.000000 0.861541 -0.507689 0.410591 0.000000 0.507689 0.861541 0.258375 0.000000 0.000000 0.000000 1.000000 
1.000000 0.000000 0.000000 0.339850 0.000000 0.862337 -0.506335 0.408748 0.000000 0.506335 0.862337 0.256891 0.000000 0.000000 0.000000 1.000000 
1.000000 0.000000 0.000000 0.342045 0.000000 0.863131 -0.504980 0.406893 0.000000 0.504980 0.863131 0.255409 0.000000 0.000000 0.000000 1.000000 
1.000000 0.000000 0.000000 0.344229 0.000000 0.863923 -0.503623 0.405028 0.000000 0.503623 0.863923 0.253930 0.000000 0.000000 0.000000 1.000000 
1.000000 0.000000 0.000000 0.346402 0.000000 0.864713 -0.502266 0.403152 0.000000 0.502266 0.864713 0.252454 0.000000 0.000000 0.000000 1.000000 
1.000000 0.000000 0.000000 0.348564 0.000000 0.865501 -0.500907 0.401264 0.000000 0.500907 0.865501 0.250981 0.000000 0.000000 0.000000 1.000000 
1.000000 0.000000 0.000000 0.350716 0.000000 0.866287 -0.499546 0.399366 0.000000 0.499546 0.866287 0.249510 0.000000 0.000000 0.000000 1.000000 
1.000000 0.000000 0.000000 0.352857 0.000000 0.867071 -0.498185 0.397457 0.000000 0.498185 0.867071 0.248043 0.000000 0.000000 0.000000 1.000000 
1.000000 0.000000 0.000000 0.354987 0.000000 0.867852 -0.496822 0.395537 0.000000 0.496822 0.867852 0.246578 0.000000 0.000000 0.000000 1.000000 
1.000000 0.000000 0.000000 0.357106 0.000000 0.868632 -0.495459 0.393607 0.000000 0.495459 0.868632 0.245116 0.000000 0.000000 0.000000 1.000000 
1.000000 0.000000 0.000000 0.359214 0.000000 0.869409 -0.494094 0.391666 0.000000 0.494094 0.869409 0.243658 0.000000 0.000000 0.000000 1.000000 
1.000000 0.000000 0.000000 0.361311 0.000000 0.870184 -0.492727 0.389715 0.000000 0.492727 0.870184 0.242202 0.000000 0.000000 0.000000 1.000000 
1.000000 0.000000 0.000000 0.363397 0.000000 0.870957 -0.491360 0.387754 0.000000 0.491360 0.870957 0.240750 0.000000 0.000000 0.000000 1.000000 
1.000000 0.000000 0.000000 0.365471 0.000000 0.871727 -0.489991 0.385782 0.000000 0.489991 0.871727 0.239300 0.000000 0.000000 0.000000 1.000000 
1.000000 0.000000 0.000000 0.367534 0.000000 0.872496 -0.488621 0.383800 0.000000 0.488621 0.872496 0.237854 0.000000 0.000000 0.000000 1.000000 
1.000000 0.000000 0.000000 0.369586 0.000000 0.873262 -0.487250 0.381808 0.000000 0.487250 0.873262 0.236412 0.000000 0.000000 0.000000 1.000000 
1.000000 0.000000 0.000000 0.371626 0.000000 0.874027 -0.485878 0.379806 0.000000 0.485878 0.874027 0.234972 0.000000 0.000000 0.000000 1.000000 
1.000000 0.000000 0.000000 0.373655 0.000000 0.874789 -0.484504 0.377794 0.000000 0.484504 0.874789 0.233536 0.000000 0.000000 0.000000 1.000000 
1.000000 0.000000 0.000000 0.375672 0.000000 0.875549 -0.483130 0.375772 0.000000 0.483130 0.875549 0.232103 0.000000 0.000000 0.000000 1.000000 
1.000000 0.000000 0.000000 0.377677 0.000000 0.876307 -0.481754 0.373741 0.000000 0.481754 0.876307 0.230674 0.000000 0.000000 0.000000 1.000000 
1.000000 0.000000 0.000000 0.379670 0.000000 0.877062 -0.480377 0.371700 0.000000 0.480377 0.877062 0.229248 0.000000 0.000000 0.000000 1.000000 
1.000000 0.000000 0.000000 0.381652 0.000000 0.877816 -0.478998 0.369649 0.000000 0.478998 0.877816 0.227826 0.000000 0.000000 0.000000 1.000000 
1.000000 0.000000 0.000000 0.383621 0.000000 0.878567 -0.477619 0.367589 0.000000 0.477619 0.878567 0.226407 0.000000 0.000000 0.000000 1.000000 
1.000000 0.000000 0.000000 0.385579 0.000000 0.879316 -0.476238 0.365519 0.000000 0.476238 0.879316 0.224992 0.000000 0.000000 0.000000 1.000000 
1.000000 0.000000 0.000000 0.387524 0.000000 0.880063 -0.474856 0.363440 0.000000 0.474856 0.880063 0.223581 0.000000 0.000000 0.000000 1.000000 
1.000000 0.000000 0.000000 0.389457 0.000000 0.880808 -0.473473 0.361352 0.000000 0.473473 0.880808 0.222173 0.000000 0.000000 0.000000 1.000000 
1.000000 0.000000 0.000000 0.391378 0.000000 0.881551 -0.472089 0.359255 0.000000 0.472089 0.881551 0.220769 0.000000 0.000000 0.000000 1.000000 
1.000000 0.000000 0.000000 0.393287 0.000000 0.882291 -0.470704 0.357149 0.000000 0.470704 0.882291 0.219369 0.000000 0.000000 0.000000 1.000000 
1.000000 0.000000 0.000000 0.395183 0.000000 0.883030 -0.469317 0.355034 0.000000 0.469317 0.883030 0.217972 0.000000 0.000000 0.000000 1.000000 
1.000000 0.000000 0.000000 0.397067 0.000000 0.883766 -0.467930 0.352910 0.000000 0.467930 0.883766 0.216580 0.000000 0.000000 0.000000 1.000000 
1.000000 0.000000 0.000000 0.398938 0.000000 0.884500 -0.466541 0.350777 0.000000 0.466541 0.884500 0.215192 0.000000 0.000000 0.000000 1.000000 
1.000000 0.000000 0.000000 0.400796 0.000000 0.885231 -0.465151 0.348635 0.000000 0.465151 0.885231 0.213807 0.000000 0.000000 0.000000 1.000000 
1.000000 0.000000 0.000000 0.402642 0.000000 0.885961 -0.463760 0.346485 0.000000 0.463760 0.885961 0.212427 0.000000 0.000000 0.000000 1.000000 
1.000000 0.000000 0.000000 0.404475 0.000000 0.886688 -0.462368 0.344326 0.000000 0.462368 0.886688 0.211050 0.000000 0.000000 0.000000 1.000000 
1.000000 0.000000 0.000000 0.406295 0.000000 0.887413 -0.460974 0.342159 0.000000 0.460974 0.887413 0.209678 0.000000 0.000000 0.000000 1.000000 
1.000000 0.000000 0.000000 0.408102 0.000000 0.888136 -0.459580 0.339984 0.000000 0.459580 0.888136 0.208310 0.000000 0.000000 0.000000 1.000000 
1.000000 0.000000 0.000000 0.409896 0.000000 0.888857 -0.458184 0.337800 0.000000 0.458184 0.888857 0.206946 0.000000 0.000000 0.000000 1.000000 
1.000000 0.000000 0.000000 0.411677 0.000000 0.889576 -0.456787 0.335608 0.000000 0.456787 0.889576 0.205586 0.000000 0.000000 0.000000 1.000000 
1.000000 0.000000 0.000000 0.413445 0.000000 0.890292 -0.455390 0.333408 0.000000 0.455390 0.890292 0.204231 0.000000 0.000000 0.000000 1.000000 
1.000000 0.000000 0.000000 0.415200 0.000000 0.891007 -0.453990 0.331200 0.000000 0.453990 0.891007 0.202880 0.000000 0.000000 0.000000 1.000000 
1.000000 0.000000 0.000000 0.416941 0.000000 0.891719 -0.452590 0.328984 0.000000 0.452590 0.891719 0.201533 0.000000 0.000000 0.000000 1.000000 
1.000000 0.000000 0.000000 0.418669 0.000000 0.892428 -0.451189 0.326760 0.000000 0.451189 0.892428 0.200191 0.000000 0.000000 0.000000 1.000000 
1.000000 0.000000 0.000000 0.420384 0.000000 0.893136 -0.449787 0.324529 0.000000 0.449787 0.893136 0.198854 0.000000 0.000000 0.000000 1.000000 
1.000000 0.000000 0.000000 0.422085 0.000000 0.893841 -0.448383 0.322290 0.000000 0.448383 0.893841 0.197520 0.000000 0.000000 0.000000 1.000000 
1.000000 0.000000 0.000000 0.423772 0.000000 0.894545 -0.446979 0.320043 0.000000 0.446979 0.894545 0.196192 0.000000 0.000000 0.000000 1.000000 
1.000000 0.000000 0.000000 0.425446 0.000000 0.895246 -0.445573 0.317789 0.000000 0.445573 0.895246 0.194868 0.000000 0.000000 0.000000 1.000000 
1.000000 0.000000 0.000000 0.427105 0.000000 0.895944 -0.444166 0.315527 0.000000 0.444166 0.895944 0.193549 0.000000 0.000000 0.000000 1.000000 
1.000000 0.000000 0.000000 0.428751 0.000000 0.896641 -0.442758 0.313258 0.000000 0.442758 0.896641 0.192234 0.000000 0.000000 0.000000 1.000000 
1.000000 0.000000 0.000000 0.430383 0.000000 0.897335 -0.441349 0.310982 0.000000 0.441349 0.897335 0.190924 0.000000 0.000000 0.000000 1.000000 
1.000000 0.000000 0.000000 0.432001 0.000000 0.898028 -0.439939 0.308698 0.000000 0.439939 0.898028 0.189619 0.000000 0.000000 0.000000 1.000000 
1.000000 0.000000 0.000000 0.433605 0.000000 0.898718 -0.438528 0.306408 0.000000 0.438528 0.898718 0.188319 0.000000 0.000000 0.000000 1.000000 
1.000000 0.000000 0.000000 0.435195 0.000000 0.899405 -0.437116 0.304111 0.000000 0.437116 0.899405 0.187024 0.000000 0.000000 0.000000 1.000000 
1.000000 0.000000 0.000000 0.436771 0.000000 0.900091 -0.435702 0.301806 0.000000 0.435702 0.900091 0.185733 0.000000 0.000000 0.000000 1.000000 
1.000000 0.000000 0.000000 0.438332 0.000000 0.900774 -0.434288 0.299495 0.000000 0.434288 0.900774 0.184448 0.000000 0.000000 0.000000 1.000000 
1.000000 0.000000 0.000000 0.439879 0.000000 0.901455 -0.432873 0.297178 0.000000 0.432873 0.901455 0.183168 0.000000 0.000000 0.000000 1.000000 
1.000000 0.000000 0.000000 0.441411 0.000000 0.902134 -0.431456 0.294853 0.000000 0.431456 0.902134 0.181892 0.000000 0.000000 0.000000 1.000000 
1.000000 0.000000 0.000000 0.442929 0.000000 0.902811 -0.430038 0.292522 0.000000 0.430038 0.902811 0.180622 0.000000 0.000000 0.000000 1.000000 
1.000000 0.000000 0.000000 0.444433 0.000000 0.903485 -0.428620 0.290185 0.000000 0.428620 0.903485 0.179357 0.000000 0.000000 0.000000 1.000000 
1.000000 0.000000 0.000000 0.445921 0.000000 0.904157 -0.427200 0.287841 0.000000 0.427200 0.904157 0.178097 0.000000 0.000000 0.000000 1.000000 
1.000000 0.000000 0.000000 0.447395 0.000000 0.904827 -0.425779 0.285491 0.000000 0.425779 0.904827 0.176843 0.000000 0.000000 0.000000 1.000000 
1.000000 0.000000 0.000000 0.448854 0.000000 0.905495 -0.424357 0.283135 0.000000 0.424357 0.905495 0.175594 0.000000 0.000000 0.000000 1.000000 
1.000000 0.000000 0.000000 0.450298 0.000000 0.906160 -0.422935 0.280773 0.000000 0.422935 0.906160 0.174350 0.000000 0.000000 0.000000 1.000000 
1.000000 0.000000 0.000000 0.451728 0.000000 0.906823 -0.421511 0.278404 0.000000 0.421511 0.906823 0.173111 0.000000 0.000000 0.000000 1.000000 
1.000000 0.000000 0.000000 0.453142 0.000000 0.907484 -0.420086 0.276030 0.000000 0.420086 0.907484 0.171878 0.000000 0.000000 0.000000 1.000000 
1.000000 0.000000 0.000000 0.454541 0.000000 0.908143 -0.418660 0.273650 0.000000 0.418660 0.908143 0.170651 0.000000 0.000000 0.000000 1.000000 
1.000000 0.000000 0.000000 0.455924 0.000000 0.908800 -0.417233 0.271264 0.000000 0.417233 0.908800 0.169429 0.000000 0.000000 0.000000 1.000000 
1.000000 0.000000 0.000000 0.457293 0.000000 0.909454 -0.415805 0.268873 0.000000 0.415805 0.909454 0.168212 0.000000 0.000000 0.000000 1.000000 
1.000000 0.000000 0.000000 0.458646 0.000000 0.910106 -0.414376 0.266475 0.000000 0.414376 0.910106 0.167001 0.000000 0.000000 0.000000 1.000000 
1.000000 0.000000 0.000000 0.459984 0.000000 0.910756 -0.412945 0.264073 0.000000 0.412945 0.910756 0.165796 0.000000 0.000000 0.000000 1.000000 
1.000000 0.000000 0.000000 0.461306 0.000000 0.911403 -0.411514 0.261665 0.000000 0.411514 0.911403 0.164597 0.000000 0.000000 0.000000 1.000000 
1.000000 0.000000 0.000000 0.462612 0.000000 0.912049 -0.410082 0.259251 0.000000 0.410082 0.912049 0.163403 0.000000 0.000000 0.000000 1.000000 
1.000000 0.000000 0.000000 0.463903 0.000000 0.912692 -0.408649 0.256833 0.000000 0.408649 0.912692 0.162215 0.000000 0.000000 0.000000 1.000000 
1.000000 0.000000 0.000000 0.465178 0.000000 0.913332 -0.407215 0.254409 0.000000 0.407215 0.913332 0.161033 0.000000 0.000000 0.000000 1.000000 
1.000000 0.000000 0.000000 0.466438 0.000000 0.913971 -0.405780 0.251980 0.000000 0.405780 0.913971 0.159857 0.000000 0.000000 0.000000 1.000000 
1.000000 0.000000 0.000000 0.467681 0.000000 0.914607 -0.404344 0.249546 0.000000 0.404344 0.914607 0.158686 0.000000 0.000000 0.000000 1.000000 
1.000000 0.000000 0.000000 0.468909 0.000000 0.915241 -0.402906 0.247108 0.000000 0.402906 0.915241 0.157522 0.000000 0.000000 0.000000 1.000000 
1.000000 0.000000 0.000000 0.470120 0.000000 0.915873 -0.401468 0.244664 0.000000 0.401468 0.915873 0.156364 0.000000 0.000000 0.000000 1.000000 
1.000000 0.000000 0.000000 0.471316 0.000000 0.916502 -0.400029 0.242216 0.000000 0.400029 0.916502 0.155211 0.000000 0.000000 0.000000 1.000000 
1.000000 0.000000 0.000000 0.472495 0.000000 0.917130 -0.398589 0.239763 0.000000 0.398589 0.917130 0.154065 0.000000 0.000000 0.000000 1.000000 
1.000000 0.000000 0.000000 0.473658 0.000000 0.917755 -0.397148 0.237306 0.000000 0.397148 0.917755 0.152925 0.000000 0.000000 0.000000 1.000000 
1.000000 0.000000 0.000000 0.474804 0.000000 0.918377 -0.395706 0.234844 0.000000 0.395706 0.918377 0.151792 0.000000 0.000000 0.000000 1.000000 
1.000000 0.000000 0.000000 0.475934 0.000000 0.918998 -0.394263 0.232377 0.000000 0.394263 0.918998 0.150664 0.000000 0.000000 0.000000 1.000000 
1.000000 0.000000 0.000000 0.477048 0.000000 0.919616 -0.392819 0.229907 0.000000 0.392819 0.919616 0.149543 0.000000 0.000000 0.000000 1.000000 
1.000000 0.000000 0.000000 0.478145 0.000000 0.920232 -0.391374 0.227432 0.000000 0.391374 0.920232 0.148428 0.000000 0.000000 0.000000 1.000000 
1.000000 0.000000 0.000000 0.479225 0.000000 0.920845 -0.389928 0.224953 0.000000 0.389928 0.920845 0.147320 0.000000 0.000000 0.000000 1.000000 
1.000000 0.000000 0.000000 0.480289 0.000000 0.921457 -0.388481 0.222470 0.000000 0.388481 0.921457 0.146218 0.000000 0.000000 0.000000 1.000000 
1.000000 0.000000 0.000000 0.481336 0.000000 0.922066 -0.387033 0.219983 0.000000 0.387033 0.922066 0.145122 0.000000 0.000000 0.000000 1.000000 
1.000000 0.000000 0.000000 0.482366 0.000000 0.922673 -0.385584 0.217493 0.000000 0.385584 0.922673 0.144033 0.000000 0.000000 0.000000 1.000000 
1.000000 0.000000 0.000000 0.483379 0.000000 0.923277 -0.384134 0.214998 0.000000 0.384134 0.923277 0.142951 0.000000 0.000000 0.000000 1.000000 
1.000000 0.000000 0.000000 0.484375 0.000000 0.923880 -0.382683 0.212500 0.000000 0.382683 0.923880 0.141875 0.000000 0.000000 0.000000 1.000000 
1.000000 0.000000 0.000000 0.485354 0.000000 0.924480 -0.381232 0.209998 0.000000 0.381232 0.924480 0.140806 0.000000 0.000000 0.000000 1.000000 
1.000000 0.000000 0.000000 0.486316 0.000000 0.925077 -0.379779 0.207493 0.000000 0.379779 0.925077 0.139743 0.000000 0.000000 0.000000 1.000000 
1.000000 0.000000 0.000000 0.487260 0.000000 0.925673 -0.378326 0.204984 0.000000 0.378326 0.925673 0.138688 0.000000 0.000000 0.000000 1.000000 
1.000000 0.000000 0.000000 0.488187 0.000000 0.926266 -0.376871 0.202472 0.000000 0.376871 0.926266 0.137639 0.000000 0.000000 0.000000 1.000000 
1.000000 0.000000 0.000000 0.489097 0.000000 0.926857 -0.375416 0.199957 0.000000 0.375416 0.926857 0.136597 0.000000 0.000000 0.000000 1.000000 
1.000000 0.000000 0.000000 0.489989 0.000000 0.927445 -0.373959 0.197438 0.000000 0.373959 0.927445 0.135562 0.000000 0.000000 0.000000 1.000000 
1.000000 0.000000 0.000000 0.490864 0.000000 0.928031 -0.372502 0.194917 0.000000 0.372502 0.928031 0.134533 0.000000 0.000000 0.000000 1.000000 
1.000000 0.000000 0.000000 0.491721 0.000000 0.928615 -0.371044 0.192392 0.000000 0.371044 0.928615 0.133512 0.000000 0.000000 0.000000 1.000000 
1.000000 0.000000 0.000000 0.492561 0.000000 0.929197 -0.369585 0.189865 0.000000 0.369585 0.929197 0.132498 0.000000 0.000000 0.000000 1.000000 
1.000000 0.000000 0.000000 0.493382 0.000000 0.929776 -0.368125 0.187334 0.000000 0.368125 0.929776 0.131491 0.000000 0.000000 0.000000 1.000000 
1.000000 0.000000 0.000000 0.494186 0.000000 0.930354 -0.366664 0.184801 0.000000 0.366664 0.930354 0.130490 0.000000 0.000000 0.000000 1.000000 
1.000000 0.000000 0.000000 0.494972 0.000000 0.930928 -0.365202 0.182266 0.000000 0.365202 0.930928 0.129498 0.000000 0.000000 0.000000 1.000000 
1.000000 0.000000 0.000000 0.495740 0.000000 0.931501 -0.363739 0.179727 0.000000 0.363739 0.931501 0.128512 0.000000 0.000000 0.000000 1.000000 
1.000000 0.000000 0.000000 0.496490 0.000000 0.932071 -0.362275 0.177187 0.000000 0.362275 0.932071 0.127533 0.000000 0.000000 0.000000 1.000000 
1.000000 0.000000 0.000000 0.497221 0.000000 0.932639 -0.360811 0.174644 0.000000 0.360811 0.932639 0.126562 0.000000 0.000000 0.000000 1.000000 
1.000000 0.000000 0.000000 0.497935 0.000000 0.933205 -0.359345 0.172098 0.000000 0.359345 0.933205 0.125598 0.000000 0.000000 0.000000 1.000000 
1.000000 0.000000 0.000000 0.498630 0.000000 0.933768 -0.357879 0.169551 0.000000 0.357879 0.933768 0.124642 0.000000 0.000000 0.000000 1.000000 
1.000000 0.000000 0.000000 0.499306 0.000000 0.934329 -0.356412 0.167001 0.000000 0.356412 0.934329 0.123693 0.000000 0.000000 0.000000 1.000000 
1.000000 0.000000 0.000000 0.499965 0.000000 0.934888 -0.354944 0.164449 0.000000 0.354944 0.934888 0.122751 0.000000 0.000000 0.000000 1.000000 
1.000000 0.000000 0.000000 0.500604 0.000000 0.935444 -0.353475 0.161895 0.000000 0.353475 0.935444 0.121817 0.000000 0.000000 0.000000 1.000000 
1.000000 0.000000 0.000000 0.501225 0.000000 0.935998 -0.352005 0.159340 0.000000 0.352005 0.935998 0.120891 0.000000 0.000000 0.000000 1.000000 
1.000000 0.000000 0.000000 0.501828 0.000000 0.936550 -0.350534 0.156782 0.000000 0.350534 0.936550 0.119972 0.000000 0.000000 0.000000 1.000000 
