501
1.000000 0.000000 0.000000 -0.100000 0.000000 0.707107 -0.707107 0.500000 0.000000 0.707107 0.707107 0.450000 0.000000 0.000000 0.000000 1.000000 
1.000000 0.000000 0.000000 -0.095958 0.000000 0.709325 -0.704882 0.504460 0.000000 0.704882 0.709325 0.447510 0.000000 0.000000 0.000000 1.000000 
1.000000 0.000000 0.000000 -0.091932 0.000000 0.711536 -0.702650 0.508842 0.000000 0.702650 0.711536 0.445039 0.000000 0.000000 0.000000 1.000000 
1.000000 0.000000 0.000000 -0.087923 0.000000 0.713740 -0.700411 0.513145 0.000000 0.700411 0.713740 0.442589 0.000000 0.000000 0.000000 1.000000 
1.000000 0.000000 0.000000 -0.083930 0.000000 0.715936 -0.698165 0.517370 0.000000 0.698165 0.715936 0.440158 0.000000 0.000000 0.000000 1.000000 
1.000000 0.000000 0.000000 -0.079953 0.000000 0.718126 -0.695913 0.521517 0.000000 0.695913 0.718126 0.437746 0.000000 0.000000 0.000000 1.000000 
1.000000 0.000000 0.000000 -0.075992 0.000000 0.720309 -0.693653 0.525586 0.000000 0.693653 0.720309 0.435354 0.000000 0.000000 0.000000 1.000000 
1.000000 0.000000 0.000000 -0.072047 0.000000 0.722485 -0.691387 0.529578 0.000000 0.691387 0.722485 0.432981 0.000000 0.000000 0.000000 1.000000 
1.000000 0.000000 0.000000 -0.068118 0.000000 0.724653 -0.689114 0.533493 0.000000 0.689114 0.724653 0.430627 0.000000 0.000000 0.000000 1.000000 
1.000000 0.000000 0.000000 -0.064206 0.000000 0.726814 -0.686834 0.537332 0.000000 0.686834 0.726814 0.428293 0.000000 0.000000 0.000000 1.000000 
1.000000 0.000000 0.000000 -0.060310 0.000000 0.728969 -0.684547 0.541094 0.000000 0.684547 0.728969 0.425977 0.000000 0.000000 0.000000 1.000000 
1.000000 0.000000 0.000000 -0.056430 0.000000 0.731116 -0.682254 0.544780 0.000000 0.682254 0.731116 0.423681 0.000000 0.000000 0.000000 1.000000 
1.000000 0.000000 0.000000 -0.052566 0.000000 0.733255 -0.679953 0.548391 0.000000 0.679953 0.733255 0.421404 0.000000 0.000000 0.000000 1.000000 
1.000000 0.000000 0.000000 -0.048719 0.000000 0.735388 -0.677646 0.551926 0.000000 0.677646 0.735388 0.419145 0.000000 0.000000 0.000000 1.000000 
1.000000 0.000000 0.000000 -0.044888 0.000000 0.737513 -0.675333 0.555387 0.000000 0.675333 0.737513 0.416906 0.000000 0.000000 0.000000 1.000000 
1.000000 0.000000 0.000000 -0.041073 0.000000 0.739631 -0.673013 0.558772 0.000000 0.673013 0.739631 0.414685 0.000000 0.000000 0.000000 1.000000 
1.000000 0.000000 0.000000 -0.037274 0.000000 0.741742 -0.670686 0.562084 0.000000 0.670686 0.741742 0.412483 0.000000 0.000000 0.000000 1.000000 
1.000000 0.000000 0.000000 -0.033491 0.000000 0.743845 -0.668352 0.565321 0.000000 0.668352 0.743845 0.410299 0.000000 0.000000 0.000000 1.000000 
1.000000 0.000000 0.000000 -0.029724 0.000000 0.745941 -0.666012 0.568485 0.000000 0.666012 0.745941 0.408134 0.000000 0.000000 0.000000 1.000000 
1.000000 0.000000 0.000000 -0.025974 0.000000 0.748030 -0.663665 0.571575 0.000000 0.663665 0.748030 0.405987 0.000000 0.000000 0.000000 1.000000 
1.000000 0.000000 0.000000 -0.022240 0.000000 0.750111 -0.661312 0.574592 0.000000 0.661312 0.750111 0.403859 0.000000 0.000000 0.000000 1.000000 
1.000000 0.000000 0.000000 -0.018522 0.000000 0.752185 -0.658952 0.577536 0.000000 0.658952 0.752185 0.401749 0.000000 0.000000 0.000000 1.000000 
1.000000 0.000000 0.000000 -0.014820 0.000000 0.754251 -0.656586 0.580409 0.000000 0.656586 0.754251 0.399657 0.000000 0.000000 0.000000 1.000000 
1.000000 0.000000 0.000000 -0.011135 0.000000 0.756310 -0.654213 0.583209 0.000000 0.654213 0.756310 0.397584 0.000000 0.000000 0.000000 1.000000 
1.000000 0.000000 0.000000 -0.007466 0.000000 0.758362 -0.651834 0.585937 0.000000 0.651834 0.758362 0.395528 0.000000 0.000000 0.000000 1.000000 
1.000000 0.000000 0.000000 -0.003812 0.000000 0.760406 -0.649448 0.588594 0.000000 0.649448 0.760406 0.393491 0.000000 0.000000 0.000000 1.000000 
1.000000 0.000000 0.000000 -0.000176 0.000000 0.762443 -0.647056 0.591180 0.000000 0.647056 0.762443 0.391471 0.000000 0.000000 0.000000 1.000000 
1.000000 0.000000 0.000000 0.003445 0.000000 0.764472 -0.644657 0.593694 0.000000 0.644657 0.764472 0.389469 0.000000 0.000000 0.000000 1.000000 
1.000000 0.000000 0.000000 0.007050 0.000000 0.766493 -0.642253 0.596139 0.000000 0.642253 0.766493 0.387485 0.000000 0.000000 0.000000 1.000000 
1.000000 0.000000 0.000000 0.010638 0.000000 0.768507 -0.639841 0.598513 0.000000 0.639841 0.768507 0.385519 0.000000 0.000000 0.000000 1.000000 
1.000000 0.000000 0.000000 0.014210 0.000000 0.770513 -0.637424 0.600818 0.000000 0.637424 0.770513 0.383570 0.000000 0.000000 0.000000 1.000000 
1.000000 0.000000 0.000000 0.017766 0.000000 0.772512 -0.635000 0.603053 0.000000 0.635000 0.772512 0.381639 0.000000 0.000000 0.000000 1.000000 
1.000000 0.000000 0.000000 0.021306 0.000000 0.774503 -0.632570 0.605219 0.000000 0.632570 0.774503 0.379725 0.000000 0.000000 0.000000 1.000000 
1.000000 0.000000 0.000000 0.024829 0.000000 0.776487 -0.630134 0.607316 0.000000 0.630134 0.776487 0.377828 0.000000 0.000000 0.000000 1.000000 
1.000000 0.000000 0.000000 0.028336 0.000000 0.778462 -0.627691 0.609345 0.000000 0.627691 0.778462 0.375949 0.000000 0.000000 0.000000 1.000000 
1.000000 0.000000 0.000000 0.031828 0.000000 0.780430 -0.625243 0.611305 0.000000 0.625243 0.780430 0.374087 0.000000 0.000000 0.000000 1.000000 
1.000000 0.000000 0.000000 0.035302 0.000000 0.782391 -0.622788 0.613198 0.000000 0.622788 0.782391 0.372243 0.000000 0.000000 0.000000 1.000000 
1.000000 0.000000 0.000000 0.038761 0.000000 0.784343 -0.620327 0.615023 0.000000 0.620327 0.784343 0.370415 0.000000 0.000000 0.000000 1.000000 
1.000000 0.000000 0.000000 0.042204 0.000000 0.786288 -0.617860 0.616781 0.000000 0.617860 0.786288 0.368604 0.000000 0.000000 0.000000 1.000000 
1.000000 0.000000 0.000000 0.045630 0.000000 0.788226 -0.615386 0.618472 0.000000 0.615386 0.788226 0.366810 0.000000 0.000000 0.000000 1.000000 
1.000000 0.000000 0.000000 0.049040 0.000000 0.790155 -0.612907 0.620096 0.000000 0.612907 0.790155 0.365034 0.000000 0.000000 0.000000 1.000000 
1.000000 0.000000 0.000000 0.052434 0.000000 0.792077 -0.610422 0.621654 0.000000 0.610422 0.792077 0.363273 0.000000 0.000000 0.000000 1.000000 
1.000000 0.000000 0.000000 0.055812 0.000000 0.793990 -0.607930 0.623146 0.000000 0.607930 0.793990 0.361530 0.000000 0.000000 0.000000 1.000000 
1.000000 0.000000 0.000000 0.059173 0.000000 0.795896 -0.605433 0.624573 0.000000 0.605433 0.795896 0.359803 0.000000 0.000000 0.000000 1.000000 
1.000000 0.000000 0.000000 0.062518 0.000000 0.797794 -0.602930 0.625934 0.000000 0.602930 0.797794 0.358093 0.000000 0.000000 0.000000 1.000000 
1.000000 0.000000 0.000000 0.065848 0.000000 0.799685 -0.600420 0.627231 0.000000 0.600420 0.799685 0.356399 0.000000 0.000000 0.000000 1.000000 
1.000000 0.000000 0.000000 0.069160 0.000000 0.801567 -0.597905 0.628463 0.000000 0.597905 0.801567 0.354722 0.000000 0.000000 0.000000 1.000000 
1.000000 0.000000 0.000000 0.072457 0.000000 0.803441 -0.595384 0.629630 0.000000 0.595384 0.803441 0.353061 0.000000 0.000000 0.000000 1.000000 
1.000000 0.000000 0.000000 0.075738 0.000000 0.805308 -0.592857 0.630734 0.000000 0.592857 0.805308 0.351416 0.000000 0.000000 0.000000 1.000000 
1.000000 0.000000 0.000000 0.079002 0.000000 0.807166 -0.590324 0.631773 0.000000 0.590324 0.807166 0.349788 0.000000 0.000000 0.000000 1.000000 
1.000000 0.000000 0.000000 0.082250 0.000000 0.809017 -0.587785 0.632750 0.000000 0.587785 0.809017 0.348175 0.000000 0.000000 0.000000 1.000000 
1.000000 0.000000 0.000000 0.085482 0.000000 0.810860 -0.585241 0.633664 0.000000 0.585241 0.810860 0.346578 0.000000 0.000000 0.000000 1.000000 
1.000000 0.000000 0.000000 0.088698 0.000000 0.812694 -0.582690 0.634514 0.000000 0.582690 0.812694 0.344998 0.000000 0.000000 0.000000 1.000000 
1.000000 0.000000 0.000000 0.091897 0.000000 0.814521 -0.580134 0.635303 0.000000 0.580134 0.814521 0.343433 0.000000 0.000000 0.000000 1.000000 
1.000000 0.000000 0.000000 0.095080 0.000000 0.816339 -0.577573 0.636029 0.000000 0.577573 0.816339 0.341884 0.000000 0.000000 0.000000 1.000000 
1.000000 0.000000 0.000000 0.098248 0.000000 0.818150 -0.575005 0.636694 0.000000 0.575005 0.818150 0.340351 0.000000 0.000000 0.000000 1.000000 
1.000000 0.000000 0.000000 0.101398 0.000000 0.819952 -0.572432 0.637298 0.000000 0.572432 0.819952 0.338834 0.000000 0.000000 0.000000 1.000000 
1.000000 0.000000 0.000000 0.104533 0.000000 0.821746 -0.569853 0.637840 0.000000 0.569853 0.821746 0.337332 0.000000 0.000000 0.000000 1.000000 
1.000000 0.000000 0.000000 0.107652 0.000000 0.823533 -0.567269 0.638322 0.000000 0.567269 0.823533 0.335845 0.000000 0.000000 0.000000 1.000000 
1.000000 0.000000 0.000000 0.110754 0.000000 0.825311 -0.564679 0.638743 0.000000 0.564679 0.825311 0.334374 0.000000 0.000000 0.000000 1.000000 
1.000000 0.000000 0.000000 0.113840 0.000000 0.827081 -0.562083 0.639104 0.000000 0.562083 0.827081 0.332918 0.000000 0.000000 0.000000 1.000000 
1.000000 0.000000 0.000000 0.116910 0.000000 0.828842 -0.559482 0.639405 0.000000 0.559482 0.828842 0.331478 0.000000 0.000000 0.000000 1.000000 
1.000000 0.000000 0.000000 0.119964 0.000000 0.830596 -0.556876 0.639647 0.000000 0.556876 0.830596 0.330053 0.000000 0.000000 0.000000 1.000000 
1.000000 0.000000 0.000000 0.123001 0.000000 0.832341 -0.554263 0.639830 0.000000 0.554263 0.832341 0.328643 0.000000 0.000000 0.000000 1.000000 
1.000000 0.000000 0.000000 0.126022 0.000000 0.834078 -0.551646 0.639954 0.000000 0.551646 0.834078 0.327247 0.000000 0.000000 0.000000 1.000000 
1.000000 0.000000 0.000000 0.129027 0.000000 0.835807 -0.549023 0.640020 0.000000 0.549023 0.835807 0.325867 0.000000 0.000000 0.000000 1.000000 
1.000000 0.000000 0.000000 0.132016 0.000000 0.837528 -0.546394 0.640027 0.000000 0.546394 0.837528 0.324502 0.000000 0.000000 0.000000 1.000000 
1.000000 0.000000 0.000000 0.134989 0.000000 0.839240 -0.543760 0.639977 0.000000 0.543760 0.839240 0.323151 0.000000 0.000000 0.000000 1.000000 
1.000000 0.000000 0.000000 0.137946 0.000000 0.840945 -0.541121 0.639869 0.000000 0.541121 0.840945 0.321816 0.000000 0.000000 0.000000 1.000000 
1.000000 0.000000 0.000000 0.140886 0.000000 0.842640 -0.538477 0.639704 0.000000 0.538477 0.842640 0.320495 0.000000 0.000000 0.000000 1.000000 
1.000000 0.000000 0.000000 0.143810 0.000000 0.844328 -0.535827 0.639482 0.000000 0.535827 0.844328 0.319188 0.000000 0.000000 0.000000 1.000000 
1.000000 0.000000 0.000000 0.146718 0.000000 0.846007 -0.533172 0.639204 0.000000 0.533172 0.846007 0.317896 0.000000 0.000000 0.000000 1.000000 
1.000000 0.000000 0.000000 0.149610 0.000000 0.847678 -0.530511 0.638869 0.000000 0.530511 0.847678 0.316619 0.000000 0.000000 0.000000 1.000000 
1.000000 0.000000 0.000000 0.152485 0.000000 0.849340 -0.527846 0.638479 0.000000 0.527846 0.849340 0.315355 0.000000 0.000000 0.000000 1.000000 
1.000000 0.000000 0.000000 0.155344 0.000000 0.850994 -0.525175 0.638032 0.000000 0.525175 0.850994 0.314107 0.000000 0.000000 0.000000 1.000000 
1.000000 0.000000 0.000000 0.158188 0.000000 0.852640 -0.522499 0.637531 0.000000 0.522499 0.852640 0.312872 0.000000 0.000000 0.000000 1.000000 
1.000000 0.000000 0.000000 0.161014 0.000000 0.854277 -0.519817 0.636975 0.000000 0.519817 0.854277 0.311651 0.000000 0.000000 0.000000 1.000000 
1.000000 0.000000 0.000000 0.163825 0.000000 0.855906 -0.517131 0.636364 0.000000 0.517131 0.855906 0.310445 0.000000 0.000000 0.000000 1.000000 
1.000000 0.000000 0.000000 0.166620 0.000000 0.857527 -0.514440 0.635699 0.000000 0.514440 0.857527 0.309252 0.000000 0.000000 0.000000 1.000000 
1.000000 0.000000 0.000000 0.169398 0.000000 0.859139 -0.511743 0.634981 0.000000 0.511743 0.859139 0.308074 0.000000 0.000000 0.000000 1.000000 
1.000000 0.000000 0.000000 0.172160 0.000000 0.860742 -0.509041 0.634208 0.000000 0.509041 0.860742 0.306909 0.000000 0.000000 0.000000 1.000000 
1.000000 0.000000 0.000000 0.174906 0.000000 0.862337 -0.506335 0.633382 0.000000 0.506335 0.862337 0.305758 0.000000 0.000000 0.000000 1.000000 
1.000000 0.000000 0.000000 0.177636 0.000000 0.863923 -0.503623 0.632503 0.000000 0.503623 0.863923 0.304620 0.000000 0.000000 0.000000 1.000000 
1.000000 0.000000 0.000000 0.180349 0.000000 0.865501 -0.500907 0.631572 0.000000 0.500907 0.865501 0.303497 0.000000 0.000000 0.000000 1.000000 
1.000000 0.000000 0.000000 0.183046 0.000000 0.867071 -0.498185 0.630588 0.000000 0.498185 0.867071 0.302386 0.000000 0.000000 0.000000 1.000000 
1.000000 0.000000 0.000000 0.185728 0.000000 0.868632 -0.495459 0.629553 0.000000 0.495459 0.868632 0.301290 0.000000 0.000000 0.000000 1.000000 
1.000000 0.000000 0.000000 0.188392 0.000000 0.870184 -0.492727 0.628465 0.000000 0.492727 0.870184 0.300206 0.000000 0.000000 0.000000 1.000000 
1.000000 0.000000 0.000000 0.191041 0.000000 0.871727 -0.489991 0.627327 0.000000 0.489991 0.871727 0.299136 0.000000 0.000000 0.000000 1.000000 
1.000000 0.000000 0.000000 0.193674 0.000000 0.873262 -0.487250 0.626137 0.000000 0.487250 0.873262 0.298079 0.000000 0.000000 0.000000 1.000000 
1.000000 0.000000 0.000000 0.196290 0.000000 0.874789 -0.484504 0.624897 0.000000 0.484504 0.874789 0.297035 0.000000 0.000000 0.000000 1.000000 
1.000000 0.000000 0.000000 0.198890 0.000000 0.876307 -0.481754 0.623606 0.000000 0.481754 0.876307 0.296005 0.000000 0.000000 0.000000 1.000000 
1.000000 0.000000 0.000000 0.201474 0.000000 0.877816 -0.478998 0.622265 0.000000 0.478998 0.877816 0.294987 0.000000 0.000000 0.000000 1.000000 
1.000000 0.000000 0.000000 0.204042 0.000000 0.879316 -0.476238 0.620875 0.000000 0.476238 0.879316 0.293982 0.000000 0.000000 0.000000 1.000000 
1.000000 0.000000 0.000000 0.206593 0.000000 0.880808 -0.473473 0.619435 0.000000 0.473473 0.880808 0.292990 0.000000 0.000000 0.000000 1.000000 
1.000000 0.000000 0.000000 0.209128 0.000000 0.882291 -0.470704 0.617946 0.000000 0.470704 0.882291 0.292011 0.000000 0.000000 0.000000 1.000000 
1.000000 0.000000 0.000000 0.211647 0.000000 0.883766 -0.467930 0.616408 0.000000 0.467930 0.883766 0.291045 0.000000 0.000000 0.000000 1.000000 
1.000000 0.000000 0.000000 0.214150 0.000000 0.885231 -0.465151 0.614822 0.000000 0.465151 0.885231 0.290091 0.000000 0.000000 0.000000 1.000000 
1.000000 0.000000 0.000000 0.216637 0.000000 0.886688 -0.462368 0.613188 0.000000 0.462368 0.886688 0.289149 0.000000 0.000000 0.000000 1.000000 
1.000000 0.000000 0.000000 0.219108 0.000000 0.888136 -0.459580 0.611506 0.000000 0.459580 0.888136 0.288221 0.000000 0.000000 0.000000 1.000000 
1.000000 0.000000 0.000000 0.221562 0.000000 0.889576 -0.456787 0.609777 0.000000 0.456787 0.889576 0.287304 0.000000 0.000000 0.000000 1.000000 
1.000000 0.000000 0.000000 0.224000 0.000000 0.891007 -0.453990 0.608000 0.000000 0.453990 0.891007 0.286400 0.000000 0.000000 0.000000 1.000000 
1.000000 0.000000 0.000000 0.226422 0.000000 0.892428 -0.451189 0.606177 0.000000 0.451189 0.892428 0.285508 0.000000 0.000000 0.000000 1.000000 
1.000000 0.000000 0.000000 0.228828 0.000000 0.893841 -0.448383 0.604307 0.000000 0.448383 0.893841 0.284628 0.000000 0.000000 0.000000 1.000000 
1.000000 0.000000 0.000000 0.231217 0.000000 0.895246 -0.445573 0.602391 0.000000 0.445573 0.895246 0.283761 0.000000 0.000000 0.000000 1.000000 
1.000000 0.000000 0.000000 0.233590 0.000000 0.896641 -0.442758 0.600429 0.000000 0.442758 0.896641 0.282905 0.000000 0.000000 0.000000 1.000000 
1.000000 0.000000 0.000000 0.235947 0.000000 0.898028 -0.439939 0.598422 0.000000 0.439939 0.898028 0.282061 0.000000 0.000000 0.000000 1.000000 
1.000000 0.000000 0.000000 0.238288 0.000000 0.899405 -0.437116 0.596369 0.000000 0.437116 0.899405 0.281230 0.000000 0.000000 0.000000 1.000000 
1.000000 0.000000 0.000000 0.240613 0.000000 0.900774 -0.434288 0.594272 0.000000 0.434288 0.900774 0.280410 0.000000 0.000000 0.000000 1.000000 
1.000000 0.000000 0.000000 0.242922 0.000000 0.902134 -0.431456 0.592130 0.000000 0.431456 0.902134 0.279601 0.000000 0.000000 0.000000 1.000000 
1.000000 0.000000 0.000000 0.245214 0.000000 0.903485 -0.428620 0.589944 0.000000 0.428620 0.903485 0.278805 0.000000 0.000000 0.000000 1.000000 
1.000000 0.000000 0.000000 0.247490 0.000000 0.904827 -0.425779 0.587714 0.000000 0.425779 0.904827 0.278019 0.000000 0.000000 0.000000 1.000000 
1.000000 0.000000 0.000000 0.249750 0.000000 0.906160 -0.422935 0.585440 0.000000 0.422935 0.906160 0.277246 0.000000 0.000000 0.000000 1.000000 
1.000000 0.000000 0.000000 0.251994 0.000000 0.907484 -0.420086 0.583124 0.000000 0.420086 0.907484 0.276484 0.000000 0.000000 0.000000 1.000000 
1.000000 0.000000 0.000000 0.254221 0.000000 0.908800 -0.417233 0.580764 0.000000 0.417233 0.908800 0.275733 0.000000 0.000000 0.000000 1.000000 
1.000000 0.000000 0.000000 0.256432 0.000000 0.910106 -0.414376 0.578362 0.000000 0.414376 0.910106 0.274993 0.000000 0.000000 0.000000 1.000000 
1.000000 0.000000 0.000000 0.258628 0.000000 0.911403 -0.411514 0.575917 0.000000 0.411514 0.911403 0.274264 0.000000 0.000000 0.000000 1.000000 
1.000000 0.000000 0.000000 0.260806 0.000000 0.912692 -0.408649 0.573431 0.000000 0.408649 0.912692 0.273547 0.000000 0.000000 0.000000 1.000000 
1.000000 0.000000 0.000000 0.262969 0.000000 0.913971 -0.405780 0.570903 0.000000 0.405780 0.913971 0.272841 0.000000 0.000000 0.000000 1.000000 
1.000000 0.000000 0.000000 0.265116 0.000000 0.915241 -0.402906 0.568333 0.000000 0.402906 0.915241 0.272145 0.000000 0.000000 0.000000 1.000000 
1.000000 0.000000 0.000000 0.267246 0.000000 0.916502 -0.400029 0.565723 0.000000 0.400029 0.916502 0.271461 0.000000 0.000000 0.000000 1.000000 
1.000000 0.000000 0.000000 0.269360 0.000000 0.917755 -0.397148 0.563072 0.000000 0.397148 0.917755 0.270787 0.000000 0.000000 0.000000 1.000000 
1.000000 0.000000 0.000000 0.271458 0.000000 0.918998 -0.394263 0.560381 0.000000 0.394263 0.918998 0.270124 0.000000 0.000000 0.000000 1.000000 
1.000000 0.000000 0.000000 0.273540 0.000000 0.920232 -0.391374 0.557649 0.000000 0.391374 0.920232 0.269472 0.000000 0.000000 0.000000 1.000000 
1.000000 0.000000 0.000000 0.275605 0.000000 0.921457 -0.388481 0.554878 0.000000 0.388481 0.921457 0.268830 0.000000 0.000000 0.000000 1.000000 
1.000000 0.000000 0.000000 0.277654 0.000000 0.922673 -0.385584 0.552068 0.000000 0.385584 0.922673 0.268199 0.000000 0.000000 0.000000 1.000000 
1.000000 0.000000 0.000000 0.279687 0.000000 0.923880 -0.382683 0.549219 0.000000 0.382683 0.923880 0.267578 0.000000 0.000000 0.000000 1.000000 
1.000000 0.000000 0.000000 0.281704 0.000000 0.925077 -0.379779 0.546331 0.000000 0.379779 0.925077 0.266968 0.000000 0.000000 0.000000 1.000000 
1.000000 0.000000 0.000000 0.283705 0.000000 0.926266 -0.376871 0.543404 0.000000 0.376871 0.926266 0.266367 0.000000 0.000000 0.000000 1.000000 
1.000000 0.000000 0.000000 0.285690 0.000000 0.927445 -0.373959 0.540440 0.000000 0.373959 0.927445 0.265777 0.000000 0.000000 0.000000 1.000000 
1.000000 0.000000 0.000000 0.287658 0.000000 0.928615 -0.371044 0.537438 0.000000 0.371044 0.928615 0.265198 0.000000 0.000000 0.000000 1.000000 
1.000000 0.000000 0.000000 0.289610 0.000000 0.929776 -0.368125 0.534398 0.000000 0.368125 0.929776 0.264628 0.000000 0.000000 0.000000 1.000000 
1.000000 0.000000 0.000000 0.291546 0.000000 0.930928 -0.365202 0.531321 0.000000 0.365202 0.930928 0.264068 0.000000 0.000000 0.000000 1.000000 
1.000000 0.000000 0.000000 0.293466 0.000000 0.932071 -0.362275 0.528208 0.000000 0.362275 0.932071 0.263518 0.000000 0.000000 0.000000 1.000000 
1.000000 0.000000 0.000000 0.295369 0.000000 0.933205 -0.359345 0.525058 0.000000 0.359345 0.933205 0.262978 0.000000 0.000000 0.000000 1.000000 
1.000000 0.000000 0.000000 0.297256 0.000000 0.934329 -0.356412 0.521872 0.000000 0.356412 0.934329 0.262447 0.000000 0.000000 0.000000 1.000000 
1.000000 0.000000 0.000000 0.299127 0.000000 0.935444 -0.353475 0.518650 0.000000 0.353475 0.935444 0.261927 0.000000 0.000000 0.000000 1.000000 
1.000000 0.000000 0.000000 0.300982 0.000000 0.936550 -0.350534 0.515393 0.000000 0.350534 0.936550 0.261416 0.000000 0.000000 0.000000 1.000000 
1.000000 0.000000 0.000000 0.302821 0.000000 0.937646 -0.347590 0.512101 0.000000 0.347590 0.937646 0.260914 0.000000 0.000000 0.000000 1.000000 
1.000000 0.000000 0.000000 0.304644 0.000000 0.938734 -0.344643 0.508773 0.000000 0.344643 0.938734 0.260422 0.000000 0.000000 0.000000 1.000000 
1.000000 0.000000 0.000000 0.306450 0.000000 0.939812 -0.341692 0.505412 0.000000 0.341692 0.939812 0.259939 0.000000 0.000000 0.000000 1.000000 
1.000000 0.000000 0.000000 0.308240 0.000000 0.940881 -0.338738 0.502016 0.000000 0.338738 0.940881 0.259466 0.000000 0.000000 0.000000 1.000000 
1.000000 0.000000 0.000000 0.310014 0.000000 0.941940 -0.335780 0.498586 0.000000 0.335780 0.941940 0.259001 0.000000 0.000000 0.000000 1.000000 
1.000000 0.000000 0.000000 0.311772 0.000000 0.942991 -0.332820 0.495123 0.000000 0.332820 0.942991 0.258546 0.000000 0.000000 0.000000 1.000000 
1.000000 0.000000 0.000000 0.313513 0.000000 0.944031 -0.329855 0.491627 0.000000 0.329855 0.944031 0.258100 0.000000 0.000000 0.000000 1.000000 
1.000000 0.000000 0.000000 0.315238 0.000000 0.945063 -0.326888 0.488098 0.000000 0.326888 0.945063 0.257663 0.000000 0.000000 0.000000 1.000000 
1.000000 0.000000 0.000000 0.316947 0.000000 0.946085 -0.323917 0.484536 0.000000 0.323917 0.946085 0.257235 0.000000 0.000000 0.000000 1.000000 
1.000000 0.000000 0.000000 0.318640 0.000000 0.947098 -0.320944 0.480942 0.000000 0.320944 0.947098 0.256815 0.000000 0.000000 0.000000 1.000000 
1.000000 0.000000 0.000000 0.320317 0.000000 0.948102 -0.317967 0.477316 0.000000 0.317967 0.948102 0.256405 0.000000 0.000000 0.000000 1.000000 
1.000000 0.000000 0.000000 0.321978 0.000000 0.949096 -0.314987 0.473658 0.000000 0.314987 0.949096 0.256003 0.000000 0.000000 0.000000 1.000000 
1.000000 0.000000 0.000000 0.323622 0.000000 0.950081 -0.312003 0.469970 0.000000 0.312003 0.950081 0.255610 0.000000 0.000000 0.000000 1.000000 
1.000000 0.000000 0.000000 0.325250 0.000000 0.951057 -0.309017 0.466250 0.000000 0.309017 0.951057 0.255225 0.000000 0.000000 0.000000 1.000000 
1.000000 0.000000 0.000000 0.326862 0.000000 0.952023 -0.306028 0.462500 0.000000 0.306028 0.952023 0.254849 0.000000 0.000000 0.000000 1.000000 
1.000000 0.000000 0.000000 0.328458 0.000000 0.952979 -0.303035 0.458719 0.000000 0.303035 0.952979 0.254481 0.000000 0.000000 0.000000 1.000000 
1.000000 0.000000 0.000000 0.330037 0.000000 0.953927 -0.300040 0.454909 0.000000 0.300040 0.953927 0.254121 0.000000 0.000000 0.000000 1.000000 
1.000000 0.000000 0.000000 0.331600 0.000000 0.954865 -0.297042 0.451069 0.000000 0.297042 0.954865 0.253770 0.000000 0.000000 0.000000 1.000000 
1.000000 0.000000 0.000000 0.333147 0.000000 0.955793 -0.294040 0.447199 0.000000 0.294040 0.955793 0.253427 0.000000 0.000000 0.000000 1.000000 
1.000000 0.000000 0.000000 0.334678 0.000000 0.956712 -0.291036 0.443301 0.000000 0.291036 0.956712 0.253092 0.000000 0.000000 0.000000 1.000000 
1.000000 0.000000 0.000000 0.336193 0.000000 0.957622 -0.288029 0.439374 0.000000 0.288029 0.957622 0.252764 0.000000 0.000000 0.000000 1.000000 
1.000000 0.000000 0.000000 0.337692 0.000000 0.958522 -0.285019 0.435418 0.000000 0.285019 0.958522 0.252445 0.000000 0.000000 0.000000 1.000000 
1.000000 0.000000 0.000000 0.339174 0.000000 0.959412 -0.282007 0.431435 0.000000 0.282007 0.959412 0.252134 0.000000 0.000000 0.000000 1.000000 
1.000000 0.000000 0.000000 0.340640 0.000000 0.960294 -0.278991 0.427424 0.000000 0.278991 0.960294 0.251830 0.000000 0.000000 0.000000 1.000000 
1.000000 0.000000 0.000000 0.342090 0.000000 0.961165 -0.275973 0.423386 0.000000 0.275973 0.961165 0.251535 0.000000 0.000000 0.000000 1.000000 
1.000000 0.000000 0.000000 0.343524 0.000000 0.962028 -0.272952 0.419320 0.000000 0.272952 0.962028 0.251246 0.000000 0.000000 0.000000 1.000000 
1.000000 0.000000 0.000000 0.344941 0.000000 0.962880 -0.269928 0.415228 0.000000 0.269928 0.962880 0.250966 0.000000 0.000000 0.000000 1.000000 
1.000000 0.000000 0.000000 0.346342 0.000000 0.963724 -0.266902 0.411109 0.000000 0.266902 0.963724 0.250693 0.000000 0.000000 0.000000 1.000000 
1.000000 0.000000 0.000000 0.347727 0.000000 0.964557 -0.263873 0.406965 0.000000 0.263873 0.964557 0.250427 0.000000 0.000000 0.000000 1.000000 
1.000000 0.000000 0.000000 0.349096 0.000000 0.965382 -0.260842 0.402794 0.000000 0.260842 0.965382 0.250168 0.000000 0.000000 0.000000 1.000000 
1.000000 0.000000 0.000000 0.350449 0.000000 0.966196 -0.257807 0.398599 0.000000 0.257807 0.966196 0.249917 0.000000 0.000000 0.000000 1.000000 
1.000000 0.000000 0.000000 0.351786 0.000000 0.967001 -0.254771 0.394378 0.000000 0.254771 0.967001 0.249673 0.000000 0.000000 0.000000 1.000000 
1.000000 0.000000 0.000000 0.353106 0.000000 0.967797 -0.251732 0.390132 0.000000 0.251732 0.967797 0.249436 0.000000 0.000000 0.000000 1.000000 
1.000000 0.000000 0.000000 0.354410 0.000000 0.968583 -0.248690 0.385862 0.000000 0.248690 0.968583 0.249206 0.000000 0.000000 0.000000 1.000000 
1.000000 0.000000 0.000000 0.355698 0.000000 0.969360 -0.245646 0.381568 0.000000 0.245646 0.969360 0.248983 0.000000 0.000000 0.000000 1.000000 
1.000000 0.000000 0.000000 0.356970 0.000000 0.970127 -0.242599 0.377250 0.000000 0.242599 0.970127 0.248767 0.000000 0.000000 0.000000 1.000000 
1.000000 0.000000 0.000000 0.358225 0.000000 0.970884 -0.239550 0.372908 0.000000 0.239550 0.970884 0.248558 0.000000 0.000000 0.000000 1.000000 
1.000000 0.000000 0.000000 0.359464 0.000000 0.971632 -0.236499 0.368544 0.000000 0.236499 0.971632 0.248355 0.000000 0.000000 0.000000 1.000000 
1.000000 0.000000 0.000000 0.360687 0.000000 0.972370 -0.233445 0.364156 0.000000 0.233445 0.972370 0.248159 0.000000 0.000000 0.000000 1.000000 
1.000000 0.000000 0.000000 0.361894 0.000000 0.973099 -0.230389 0.359746 0.000000 0.230389 0.973099 0.247970 0.000000 0.000000 0.000000 1.000000 
1.000000 0.000000 0.000000 0.363085 0.000000 0.973817 -0.227331 0.355314 0.000000 0.227331 0.973817 0.247787 0.000000 0.000000 0.000000 1.000000 
1.000000 0.000000 0.000000 0.364260 0.000000 0.974527 -0.224271 0.350860 0.000000 0.224271 0.974527 0.247611 0.000000 0.000000 0.000000 1.000000 
1.000000 0.000000 0.000000 0.365418 0.000000 0.975227 -0.221208 0.346385 0.000000 0.221208 0.975227 0.247441 0.000000 0.000000 0.000000 1.000000 
1.000000 0.000000 0.000000 0.366560 0.000000 0.975917 -0.218143 0.341888 0.000000 0.218143 0.975917 0.247277 0.000000 0.000000 0.000000 1.000000 
1.000000 0.000000 0.000000 0.367686 0.000000 0.976597 -0.215076 0.337370 0.000000 0.215076 0.976597 0.247119 0.000000 0.000000 0.000000 1.000000 
1.000000 0.000000 0.000000 0.368796 0.000000 0.977268 -0.212007 0.332832 0.000000 0.212007 0.977268 0.246968 0.000000 0.000000 0.000000 1.000000 
1.000000 0.000000 0.000000 0.369889 0.000000 0.977929 -0.208936 0.328274 0.000000 0.208936 0.977929 0.246822 0.000000 0.000000 0.000000 1.000000 
1.000000 0.000000 0.000000 0.370966 0.000000 0.978581 -0.205863 0.323696 0.000000 0.205863 0.978581 0.246683 0.000000 0.000000 0.000000 1.000000 
1.000000 0.000000 0.000000 0.372027 0.000000 0.979223 -0.202787 0.319098 0.000000 0.202787 0.979223 0.246549 0.000000 0.000000 0.000000 1.000000 
1.000000 0.000000 0.000000 0.373072 0.000000 0.979855 -0.199710 0.314481 0.000000 0.199710 0.979855 0.246421 0.000000 0.000000 0.000000 1.000000 
1.000000 0.000000 0.000000 0.374101 0.000000 0.980478 -0.196631 0.309845 0.000000 0.196631 0.980478 0.246299 0.000000 0.000000 0.000000 1.000000 
1.000000 0.000000 0.000000 0.375114 0.000000 0.981091 -0.193549 0.305190 0.000000 0.193549 0.981091 0.246183 0.000000 0.000000 0.000000 1.000000 
1.000000 0.000000 0.000000 0.376110 0.000000 0.981694 -0.190466 0.300517 0.000000 0.190466 0.981694 0.246072 0.000000 0.000000 0.000000 1.000000 
1.000000 0.000000 0.000000 0.377090 0.000000 0.982287 -0.187381 0.295826 0.000000 0.187381 0.982287 0.245967 0.000000 0.000000 0.000000 1.000000 
1.000000 0.000000 0.000000 0.378054 0.000000 0.982871 -0.184294 0.291117 0.000000 0.184294 0.982871 0.245867 0.000000 0.000000 0.000000 1.000000 
1.000000 0.000000 0.000000 0.379002 0.000000 0.983445 -0.181206 0.286392 0.000000 0.181206 0.983445 0.245772 0.000000 0.000000 0.000000 1.000000 
1.000000 0.000000 0.000000 0.379933 0.000000 0.984010 -0.178115 0.281649 0.000000 0.178115 0.984010 0.245683 0.000000 0.000000 0.000000 1.000000 
1.000000 0.000000 0.000000 0.380848 0.000000 0.984564 -0.175023 0.276889 0.000000 0.175023 0.984564 0.245599 0.000000 0.000000 0.000000 1.000000 
1.000000 0.000000 0.000000 0.381747 0.000000 0.985109 -0.171929 0.272113 0.000000 0.171929 0.985109 0.245520 0.000000 0.000000 0.000000 1.000000 
1.000000 0.000000 0.000000 0.382630 0.000000 0.985645 -0.168833 0.267321 0.000000 0.168833 0.985645 0.245446 0.000000 0.000000 0.000000 1.000000 
1.000000 0.000000 0.000000 0.383497 0.000000 0.986170 -0.165736 0.262514 0.000000 0.165736 0.986170 0.245377 0.000000 0.000000 0.000000 1.000000 
1.000000 0.000000 0.000000 0.384348 0.000000 0.986686 -0.162637 0.257691 0.000000 0.162637 0.986686 0.245313 0.000000 0.000000 0.000000 1.000000 
1.000000 0.000000 0.000000 0.385182 0.000000 0.987192 -0.159537 0.252853 0.000000 0.159537 0.987192 0.245254 0.000000 0.000000 0.000000 1.000000 
1.000000 0.000000 0.000000 0.386000 0.000000 0.987688 -0.156434 0.248000 0.000000 0.156434 0.987688 0.245200 0.000000 0.000000 0.000000 1.000000 
1.000000 0.000000 0.000000 0.386802 0.000000 0.988175 -0.153331 0.243133 0.000000 0.153331 0.988175 0.245150 0.000000 0.000000 0.000000 1.000000 
1.000000 0.000000 0.000000 0.387588 0.000000 0.988652 -0.150226 0.238252 0.000000 0.150226 0.988652 0.245105 0.000000 0.000000 0.000000 1.000000 
1.000000 0.000000 0.000000 0.388357 0.000000 0.989119 -0.147119 0.233357 0.000000 0.147119 0.989119 0.245065 0.000000 0.000000 0.000000 1.000000 
1.000000 0.000000 0.000000 0.389110 0.000000 0.989576 -0.144011 0.228448 0.000000 0.144011 0.989576 0.245029 0.000000 0.000000 0.000000 1.000000 
1.000000 0.000000 0.000000 0.389847 0.000000 0.990024 -0.140901 0.223527 0.000000 0.140901 0.990024 0.244997 0.000000 0.000000 0.000000 1.000000 
1.000000 0.000000 0.000000 0.390568 0.000000 0.990461 -0.137790 0.218592 0.000000 0.137790 0.990461 0.244970 0.000000 0.000000 0.000000 1.000000 
1.000000 0.000000 0.000000 0.391273 0.000000 0.990889 -0.134678 0.213646 0.000000 0.134678 0.990889 0.244946 0.000000 0.000000 0.000000 1.000000 
1.000000 0.000000 0.000000 0.391962 0.000000 0.991308 -0.131564 0.208687 0.000000 0.131564 0.991308 0.244927 0.000000 0.000000 0.000000 1.000000 
1.000000 0.000000 0.000000 0.392634 0.000000 0.991716 -0.128449 0.203716 0.000000 0.128449 0.991716 0.244912 0.000000 0.000000 0.000000 1.000000 
1.000000 0.000000 0.000000 0.393290 0.000000 0.992115 -0.125333 0.198734 0.000000 0.125333 0.992115 0.244901 0.000000 0.000000 0.000000 1.000000 
1.000000 0.000000 0.000000 0.393930 0.000000 0.992504 -0.122216 0.193741 0.000000 0.122216 0.992504 0.244894 0.000000 0.000000 0.000000 1.000000 
1.000000 0.000000 0.000000 0.394554 0.000000 0.992883 -0.119097 0.188737 0.000000 0.119097 0.992883 0.244891 0.000000 0.000000 0.000000 1.000000 
1.000000 0.000000 0.000000 0.395161 0.000000 0.993252 -0.115977 0.183722 0.000000 0.115977 0.993252 0.244892 0.000000 0.000000 0.000000 1.000000 
1.000000 0.000000 0.000000 0.395752 0.000000 0.993611 -0.112856 0.178697 0.000000 0.112856 0.993611 0.244896 0.000000 0.000000 0.000000 1.000000 
1.000000 0.000000 0.000000 0.396327 0.000000 0.993961 -0.109734 0.173662 0.000000 0.109734 0.993961 0.244904 0.000000 0.000000 0.000000 1.000000 
1.000000 0.000000 0.000000 0.396886 0.000000 0.994301 -0.106611 0.168618 0.000000 0.106611 0.994301 0.244915 0.000000 0.000000 0.000000 1.000000 
1.000000 0.000000 0.000000 0.397429 0.000000 0.994631 -0.103487 0.163565 0.000000 0.103487 0.994631 0.244930 0.000000 0.000000 0.000000 1.000000 
1.000000 0.000000 0.000000 0.397956 0.000000 0.994951 -0.100362 0.158502 0.000000 0.100362 0.994951 0.244949 0.000000 0.000000 0.000000 1.000000 
1.000000 0.000000 0.000000 0.398466 0.000000 0.995261 -0.097235 0.153431 0.000000 0.097235 0.995261 0.244970 0.000000 0.000000 0.000000 1.000000 
1.000000 0.000000 0.000000 0.398960 0.000000 0.995562 -0.094108 0.148352 0.000000 0.094108 0.995562 0.244995 0.000000 0.000000 0.000000 1.000000 
1.000000 0.000000 0.000000 0.399438 0.000000 0.995853 -0.090980 0.143265 0.000000 0.090980 0.995853 0.245023 0.000000 0.000000 0.000000 1.000000 
1.000000 0.000000 0.000000 0.399900 0.000000 0.996134 -0.087851 0.138170 0.000000 0.087851 0.996134 0.245054 0.000000 0.000000 0.000000 1.000000 
1.000000 0.000000 0.000000 0.400345 0.000000 0.996405 -0.084721 0.133068 0.000000 0.084721 0.996405 0.245089 0.000000 0.000000 0.000000 1.000000 
1.000000 0.000000 0.000000 0.400774 0.000000 0.996666 -0.081591 0.127959 0.000000 0.081591 0.996666 0.245126 0.000000 0.000000 0.000000 1.000000 
1.000000 0.000000 0.000000 0.401187 0.000000 0.996917 -0.078459 0.122844 0.000000 0.078459 0.996917 0.245166 0.000000 0.000000 0.000000 1.000000 
1.000000 0.000000 0.000000 0.401584 0.000000 0.997159 -0.075327 0.117722 0.000000 0.075327 0.997159 0.245208 0.000000 0.000000 0.000000 1.000000 
1.000000 0.000000 0.000000 0.401965 0.000000 0.997391 -0.072194 0.112594 0.000000 0.072194 0.997391 0.245254 0.000000 0.000000 0.000000 1.000000 
1.000000 0.000000 0.000000 0.402330 0.000000 0.997613 -0.069060 0.107461 0.000000 0.069060 0.997613 0.245302 0.000000 0.000000 0.000000 1.000000 
1.000000 0.000000 0.000000 0.402678 0.000000 0.997825 -0.065926 0.102322 0.000000 0.065926 0.997825 0.245353 0.000000 0.000000 0.000000 1.000000 
1.000000 0.000000 0.000000 0.403010 0.000000 0.998027 -0.062791 0.097178 0.000000 0.062791 0.998027 0.245406 0.000000 0.000000 0.000000 1.000000 
1.000000 0.000000 0.000000 0.403326 0.000000 0.998219 -0.059655 0.092030 0.000000 0.059655 0.998219 0.245461 0.000000 0.000000 0.000000 1.000000 
1.000000 0.000000 0.000000 0.403626 0.000000 0.998402 -0.056519 0.086877 0.000000 0.056519 0.998402 0.245519 0.000000 0.000000 0.000000 1.000000 
1.000000 0.000000 0.000000 0.403909 0.000000 0.998574 -0.053382 0.081720 0.000000 0.053382 0.998574 0.245579 0.000000 0.000000 0.000000 1.000000 
1.000000 0.000000 0.000000 0.404176 0.000000 0.998737 -0.050244 0.076559 0.000000 0.050244 0.998737 0.245642 0.000000 0.000000 0.000000 1.000000 
1.000000 0.000000 0.000000 0.404427 0.000000 0.998890 -0.047106 0.071395 0.000000 0.047106 0.998890 0.245706 0.000000 0.000000 0.000000 1.000000 
1.000000 0.000000 0.000000 0.404662 0.000000 0.999033 -0.043968 0.066228 0.000000 0.043968 0.999033 0.245773 0.000000 0.000000 0.000000 1.000000 
1.000000 0.000000 0.000000 0.404881 0.000000 0.999166 -0.040829 0.061058 0.000000 0.040829 0.999166 0.245841 0.000000 0.000000 0.000000 1.000000 
1.000000 0.000000 0.000000 0.405084 0.000000 0.999289 -0.037690 0.055886 0.000000 0.037690 0.999289 0.245912 0.000000 0.000000 0.000000 1.000000 
1.000000 0.000000 0.000000 0.405270 0.000000 0.999403 -0.034551 0.050712 0.000000 0.034551 0.999403 0.245984 0.000000 0.000000 0.000000 1.000000 
1.000000 0.000000 0.000000 0.405440 0.000000 0.999507 -0.031411 0.045536 0.000000 0.031411 0.999507 0.246058 0.000000 0.000000 0.000000 1.000000 
1.000000 0.000000 0.000000 0.405594 0.000000 0.999600 -0.028271 0.040359 0.000000 0.028271 0.999600 0.246133 0.000000 0.000000 0.000000 1.000000 
1.000000 0.000000 0.000000 0.405732 0.000000 0.999684 -0.025130 0.035180 0.000000 0.025130 0.999684 0.246210 0.000000 0.000000 0.000000 1.000000 
1.000000 0.000000 0.000000 0.405853 0.000000 0.999758 -0.021989 0.030001 0.000000 0.021989 0.999758 0.246289 0.000000 0.000000 0.000000 1.000000 
1.000000 0.000000 0.000000 0.405958 0.000000 0.999822 -0.018848 0.024821 0.000000 0.018848 0.999822 0.246369 0.000000 0.000000 0.000000 1.000000 
1.000000 0.000000 0.000000 0.406047 0.000000 0.999877 -0.015707 0.019641 0.000000 0.015707 0.999877 0.246450 0.000000 0.000000 0.000000 1.000000 
1.000000 0.000000 0.000000 0.406120 0.000000 0.999921 -0.012566 0.014461 0.000000 0.012566 0.999921 0.246533 0.000000 0.000000 0.000000 1.000000 
1.000000 0.000000 0.000000 0.406177 0.000000 0.999956 -0.009425 0.009282 0.000000 0.009425 0.999956 0.246617 0.000000 0.000000 0.000000 1.000000 
1.000000 0.000000 0.000000 0.406218 0.000000 0.999980 -0.006283 0.004103 0.000000 0.006283 0.999980 0.246702 0.000000 0.000000 0.000000 1.000000 
1.000000 0.000000 0.000000 0.406242 0.000000 0.999995 -0.003142 -0.001074 0.000000 0.003142 0.999995 0.246788 0.000000 0.000000 0.000000 1.000000 
1.000000 0.000000 0.000000 0.406250 0.000000 1.000000 0.000000 -0.006250 0.000000 0.000000 1.000000 0.246875 0.000000 0.000000 0.000000 1.000000 
1.000000 -0.000000 0.000000 0.406242 0.000000 0.999995 0.003142 -0.011424 -0.000000 -0.003142 0.999995 0.246963 0.000000 0.000000 0.000000 1.000000 
1.000000 -0.000000 0.000000 0.406218 0.000000 0.999980 0.006283 -0.016596 -0.000000 -0.006283 0.999980 0.247052 0.000000 0.000000 0.000000 1.000000 
1.000000 -0.000000 0.000000 0.406177 0.000000 0.999956 0.009425 -0.021765 -0.000000 -0.009425 0.999956 0.247141 0.000000 0.000000 0.000000 1.000000 
1.000000 -0.000000 0.000000 0.406120 0.000000 0.999921 0.012566 -0.026932 -0.000000 -0.012566 0.999921 0.247231 0.000000 0.000000 0.000000 1.000000 
1.000000 -0.000000 0.000000 0.406047 0.000000 0.999877 0.015707 -0.032096 -0.000000 -0.015707 0.999877 0.247322 0.000000 0.000000 0.000000 1.000000 
1.000000 -0.000000 0.000000 0.405958 0.000000 0.999822 0.018848 -0.037256 -0.000000 -0.018848 0.999822 0.247413 0.000000 0.000000 0.000000 1.000000 
1.000000 -0.000000 0.000000 0.405853 0.000000 0.999758 0.021989 -0.042412 -0.000000 -0.021989 0.999758 0.247505 0.000000 0.000000 0.000000 1.000000 
1.000000 -0.000000 0.000000 0.405732 0.000000 0.999684 0.025130 -0.047565 -0.000000 -0.025130 0.999684 0.247597 0.000000 0.000000 0.000000 1.000000 
1.000000 -0.000000 0.000000 0.405594 0.000000 0.999600 0.028271 -0.052713 -0.000000 -0.028271 0.999600 0.247690 0.000000 0.000000 0.000000 1.000000 
1.000000 -0.000000 0.000000 0.405440 0.000000 0.999507 0.031411 -0.057856 -0.000000 -0.031411 0.999507 0.247782 0.000000 0.000000 0.000000 1.000000 
1.000000 -0.000000 0.000000 0.405270 0.000000 0.999403 0.034551 -0.062994 -0.000000 -0.034551 0.999403 0.247875 0.000000 0.000000 0.000000 1.000000 
1.000000 -0.000000 0.000000 0.405084 0.000000 0.999289 0.037690 -0.068127 -0.000000 -0.037690 0.999289 0.247968 0.000000 0.000000 0.000000 1.000000 
1.000000 -0.000000 0.000000 0.404881 0.000000 0.999166 0.040829 -0.073254 -0.000000 -0.040829 0.999166 0.248061 0.000000 0.000000 0.000000 1.000000 
1.000000 -0.000000 0.000000 0.404662 0.000000 0.999033 0.043968 -0.078375 -0.000000 -0.043968 0.999033 0.248154 0.000000 0.000000 0.000000 1.000000 
1.000000 -0.000000 0.000000 0.404427 0.000000 0.998890 0.047106 -0.083490 -0.000000 -0.047106 0.998890 0.248246 0.000000 0.000000 0.000000 1.000000 
1.000000 -0.000000 0.000000 0.404176 0.000000 0.998737 0.050244 -0.088598 -0.000000 -0.050244 0.998737 0.248339 0.000000 0.000000 0.000000 1.000000 
1.000000 -0.000000 0.000000 0.403909 0.000000 0.998574 0.053382 -0.093700 -0.000000 -0.053382 0.998574 0.248431 0.000000 0.000000 0.000000 1.000000 
1.000000 -0.000000 0.000000 0.403626 0.000000 0.998402 0.056519 -0.098793 -0.000000 -0.056519 0.998402 0.248522 0.000000 0.000000 0.000000 1.000000 
1.000000 -0.000000 0.000000 0.403326 0.000000 0.998219 0.059655 -0.103880 -0.000000 -0.059655 0.998219 0.248614 0.000000 0.000000 0.000000 1.000000 
1.000000 -0.000000 0.000000 0.403010 0.000000 0.998027 0.062791 -0.108958 -0.000000 -0.062791 0.998027 0.248704 0.000000 0.000000 0.000000 1.000000 
1.000000 -0.000000 0.000000 0.402678 0.000000 0.997825 0.065926 -0.114028 -0.000000 -0.065926 0.997825 0.248794 0.000000 0.000000 0.000000 1.000000 
1.000000 -0.000000 0.000000 0.402330 0.000000 0.997613 0.069060 -0.119089 -0.000000 -0.069060 0.997613 0.248884 0.000000 0.000000 0.000000 1.000000 
